sarastel@uan04:/scratch/project_462000565/sarastel/rocHPL/build> MPICH_GPU_SUPPORT_ENABLED=1 srun --exclusive -N1 --ntasks-per-node=8 --cpus-per-task=7 --gpus-per-node=8 --partition=dev-g --account=project_462000565 --time=00:10:00 --mem=0 --cpu-bind=none ./run_rochpl -P 2 -Q 4 -N 256000 --NB 512
srun: job 7835048 queued and waiting for resources
srun: job 7835048 has been allocated resources
Node Binding: Process 3 [(p,q)=(1,1)] CPU Cores: 29 - {8-15},{1-7},{33-39},{41-47}
Node Binding: Process 4 [(p,q)=(0,2)] CPU Cores: 29 - {16-23},{49-55},{57-63},{25-31}
Node Binding: Process 6 [(p,q)=(0,3)] CPU Cores: 29 - {24-31},{49-55},{57-63},{17-23}
Node Binding: Process 5 [(p,q)=(1,2)] CPU Cores: 29 - {32-39},{1-7},{9-15},{41-47}
Node Binding: Process 1 [(p,q)=(1,0)] CPU Cores: 29 - {0-7},{9-15},{33-39},{41-47}
Node Binding: Process 0 [(p,q)=(0,0)] CPU Cores: 29 - {48-55},{57-63},{17-23},{25-31}
Node Binding: Process 2 [(p,q)=(0,1)] CPU Cores: 29 - {56-63},{49-55},{17-23},{25-31}
Node Binding: Process 7 [(p,q)=(1,3)] CPU Cores: 29 - {40-47},{1-7},{9-15},{33-39}
GPU  Binding: Process 0 [(p,q)=(0,0)] GPU: 0, pciBusID c1 
Local matrix size = 61.0514 GBs
-----------------------------------------------------------------------------------------------------------------------------------------------------------------------------------
   %   | Column    | Step Time (s) ||         DGEMM GFLOPS         || Panel Copy(s) | pdfact (s) | pmxswp (s) | Lbcast (s) | laswp (s) | GPU Sync (s) | Step GFLOPS | Overall GFLOPS
       |           |               |  Small   |  First   | Second   |               |            |            |            |           |              |             |               
-----------------------------------------------------------------------------------------------------------------------------------------------------------------------------------
  0.2% | 000000512 |    0.4914518  |          | 2.120e+04| 1.979e+04|               |            |            |  2.786e-01 | 8.494e-03 |   1.652e-01  |  1.363e+05  |    4.426e+04   
  0.4% | 000001024 |    0.4611544  |          | 2.128e+04| 1.956e+04|               |            |            |  2.804e-01 | 8.028e-03 |   1.675e-01  |  1.447e+05  |    6.771e+04   
  0.6% | 000001536 |    0.4626075  |          | 2.026e+04| 1.987e+04|               |            |            |  2.805e-01 | 1.805e-02 |   1.627e-01  |  1.436e+05  |    8.211e+04   
  0.8% | 000002048 |    0.4276950  | 2.210e+04| 2.008e+04| 1.966e+04|   4.114e-02   |  1.848e-01 |  2.108e-02 |  1.434e-02 | 2.075e-02 |   1.649e-01  |  1.547e+05  |    9.295e+04   
  1.0% | 000002560 |    0.4396400  |          | 2.049e+04| 1.953e+04|               |            |            |  2.673e-01 | 1.564e-02 |   1.554e-01  |  1.499e+05  |    1.005e+05   
  1.2% | 000003072 |    0.4328592  |          | 2.024e+04| 1.947e+04|               |            |            |  2.604e-01 | 2.131e-02 |   1.499e-01  |  1.516e+05  |    1.064e+05   
  1.4% | 000003584 |    0.4545691  |          | 2.034e+04| 2.092e+04|               |            |            |  2.704e-01 | 3.847e-02 |   1.443e-01  |  1.438e+05  |    1.105e+05   
  1.6% | 000004096 |    0.4086170  | 2.213e+04| 2.030e+04| 2.091e+04|   4.081e-02   |  1.821e-01 |  2.047e-02 |  1.424e-02 | 2.184e-02 |   1.479e-01  |  1.593e+05  |    1.148e+05   
  1.8% | 000004608 |    0.4330889  |          | 2.102e+04| 2.091e+04|               |            |            |  2.760e-01 | 7.960e-03 |   1.478e-01  |  1.497e+05  |    1.178e+05   
  2.0% | 000005120 |    0.4177673  |          | 2.077e+04| 2.099e+04|               |            |            |  2.615e-01 | 7.645e-03 |   1.474e-01  |  1.546e+05  |    1.207e+05   
  2.2% | 000005632 |    0.4186586  |          | 2.086e+04| 2.093e+04|               |            |            |  2.590e-01 | 1.282e-02 |   1.455e-01  |  1.536e+05  |    1.230e+05   
  2.4% | 000006144 |    0.3997802  | 2.364e+04| 2.067e+04| 2.073e+04|   4.047e-02   |  1.803e-01 |  1.958e-02 |  1.405e-02 | 1.823e-02 |   1.451e-01  |  1.602e+05  |    1.254e+05   
  2.6% | 000006656 |    0.4162344  |          | 1.984e+04| 2.026e+04|               |            |            |  2.588e-01 | 7.944e-03 |   1.482e-01  |  1.533e+05  |    1.271e+05   
  2.8% | 000007168 |    0.4148718  |          | 1.961e+04| 1.982e+04|               |            |            |  2.531e-01 | 1.919e-02 |   1.414e-01  |  1.531e+05  |    1.286e+05   
  3.0% | 000007680 |    0.4453245  |          | 1.970e+04| 2.003e+04|               |            |            |  2.593e-01 | 5.910e-02 |   1.255e-01  |  1.421e+05  |    1.294e+05   
  3.2% | 000008192 |    0.4146085  | 2.205e+04| 1.939e+04| 1.990e+04|   4.015e-02   |  1.792e-01 |  2.056e-02 |  1.396e-02 | 2.047e-02 |   1.592e-01  |  1.520e+05  |    1.306e+05   
  3.4% | 000008704 |    0.4136677  |          | 1.998e+04| 2.111e+04|               |            |            |  2.668e-01 | 1.716e-02 |   1.283e-01  |  1.517e+05  |    1.316e+05   
  3.6% | 000009216 |    0.4110037  |          | 1.973e+04| 2.099e+04|               |            |            |  2.637e-01 | 3.133e-02 |   1.147e-01  |  1.521e+05  |    1.326e+05   
  3.8% | 000009728 |    0.4411490  |          | 2.094e+04| 1.992e+04|               |            |            |  2.620e-01 | 6.192e-02 |   1.159e-01  |  1.411e+05  |    1.330e+05   
  4.0% | 000010240 |    0.3852934  | 2.210e+04| 2.119e+04| 1.995e+04|   3.982e-02   |  1.766e-01 |  2.053e-02 |  1.403e-02 | 2.278e-02 |   1.304e-01  |  1.609e+05  |    1.341e+05   
  4.2% | 000010752 |    0.4268497  |          | 2.125e+04| 2.001e+04|               |            |            |  2.768e-01 | 8.181e-03 |   1.405e-01  |  1.446e+05  |    1.346e+05   
  4.4% | 000011264 |    0.4028678  |          | 2.097e+04| 2.004e+04|               |            |            |  2.532e-01 | 7.605e-03 |   1.409e-01  |  1.526e+05  |    1.353e+05   
  4.6% | 000011776 |    0.4038622  |          | 2.101e+04| 2.038e+04|               |            |            |  2.498e-01 | 1.649e-02 |   1.363e-01  |  1.515e+05  |    1.359e+05   
  4.8% | 000012288 |    0.3820761  | 2.233e+04| 2.082e+04| 2.016e+04|   3.947e-02   |  1.760e-01 |  1.895e-02 |  1.371e-02 | 1.940e-02 |   1.318e-01  |  1.595e+05  |    1.367e+05   
  5.0% | 000012800 |    0.4000064  |          | 2.117e+04| 2.037e+04|               |            |            |  2.567e-01 | 8.186e-03 |   1.338e-01  |  1.517e+05  |    1.372e+05   
  5.2% | 000013312 |    0.3941260  |          | 2.100e+04| 2.046e+04|               |            |            |  2.517e-01 | 7.656e-03 |   1.335e-01  |  1.533e+05  |    1.377e+05   
  5.4% | 000013824 |    0.3948162  |          | 2.100e+04| 2.020e+04|               |            |            |  2.459e-01 | 1.441e-02 |   1.331e-01  |  1.524e+05  |    1.382e+05   
  5.6% | 000014336 |    0.3777804  | 2.329e+04| 2.077e+04| 1.996e+04|   3.916e-02   |  1.710e-01 |  1.999e-02 |  1.360e-02 | 1.864e-02 |   1.337e-01  |  1.586e+05  |    1.388e+05   
  5.8% | 000014848 |    0.3921372  |          | 2.117e+04| 2.017e+04|               |            |            |  2.521e-01 | 8.172e-03 |   1.306e-01  |  1.522e+05  |    1.392e+05   
  6.0% | 000015360 |    0.3858179  |          | 2.102e+04| 2.015e+04|               |            |            |  2.461e-01 | 7.357e-03 |   1.311e-01  |  1.540e+05  |    1.396e+05   
  6.2% | 000015872 |    0.3890916  |          | 2.101e+04| 2.023e+04|               |            |            |  2.431e-01 | 1.616e-02 |   1.284e-01  |  1.521e+05  |    1.400e+05   
  6.4% | 000016384 |    0.3703930  | 2.262e+04| 2.083e+04| 2.002e+04|   3.881e-02   |  1.714e-01 |  2.141e-02 |  1.346e-02 | 1.880e-02 |   1.263e-01  |  1.591e+05  |    1.404e+05   
  6.6% | 000016896 |    0.3917656  |          | 2.041e+04| 2.002e+04|               |            |            |  2.552e-01 | 7.645e-03 |   1.277e-01  |  1.498e+05  |    1.407e+05   
  6.8% | 000017408 |    0.3811244  |          | 1.998e+04| 1.971e+04|               |            |            |  2.417e-01 | 1.779e-02 |   1.204e-01  |  1.533e+05  |    1.410e+05   
  7.0% | 000017920 |    0.4093853  |          | 1.994e+04| 2.117e+04|               |            |            |  2.428e-01 | 7.036e-02 |   9.483e-02  |  1.421e+05  |    1.410e+05   
  7.2% | 000018432 |    0.3656747  | 2.214e+04| 2.009e+04| 2.116e+04|   3.851e-02   |  1.706e-01 |  2.063e-02 |  1.338e-02 | 2.500e-02 |   1.165e-01  |  1.584e+05  |    1.414e+05   
  7.4% | 000018944 |    0.3871772  |          | 2.039e+04| 2.126e+04|               |            |            |  2.621e-01 | 1.007e-02 |   1.137e-01  |  1.489e+05  |    1.416e+05   
  7.6% | 000019456 |    0.3658646  |          | 2.037e+04| 2.116e+04|               |            |            |  2.400e-01 | 2.384e-02 |   1.008e-01  |  1.569e+05  |    1.420e+05   
  7.8% | 000019968 |    0.3971608  |          | 2.114e+04| 1.989e+04|               |            |            |  2.454e-01 | 5.117e-02 |   9.921e-02  |  1.440e+05  |    1.420e+05   
  8.0% | 000020480 |    0.3547017  | 2.214e+04| 2.119e+04| 1.990e+04|   3.817e-02   |  1.673e-01 |  2.014e-02 |  1.332e-02 | 2.154e-02 |   1.127e-01  |  1.605e+05  |    1.424e+05   
  8.2% | 000020992 |    0.3879541  |          | 2.136e+04| 2.129e+04|               |            |            |  2.671e-01 | 7.638e-03 |   1.119e-01  |  1.461e+05  |    1.425e+05   
  8.4% | 000021504 |    0.3681059  |          | 2.110e+04| 2.131e+04|               |            |            |  2.475e-01 | 7.221e-03 |   1.121e-01  |  1.533e+05  |    1.427e+05   
  8.6% | 000022016 |    0.3621155  |          | 1.985e+04| 2.097e+04|               |            |            |  2.378e-01 | 1.054e-02 |   1.124e-01  |  1.552e+05  |    1.429e+05   
  8.8% | 000022528 |    0.3601547  | 2.270e+04| 1.969e+04| 2.104e+04|   3.782e-02   |  1.655e-01 |  1.950e-02 |  1.316e-02 | 1.792e-02 |   1.241e-01  |  1.553e+05  |    1.432e+05   
  9.0% | 000023040 |    0.3594820  |          | 2.078e+04| 2.136e+04|               |            |            |  2.429e-01 | 2.415e-02 |   9.110e-02  |  1.549e+05  |    1.434e+05   
  9.2% | 000023552 |    0.3566541  |          | 2.000e+04| 2.127e+04|               |            |            |  2.393e-01 | 3.420e-02 |   8.188e-02  |  1.555e+05  |    1.436e+05   
  9.4% | 000024064 |    0.3926303  |          | 2.001e+04| 2.008e+04|               |            |            |  2.425e-01 | 6.678e-02 |   8.193e-02  |  1.406e+05  |    1.435e+05   
  9.6% | 000024576 |    0.3519255  | 2.208e+04| 2.032e+04| 1.989e+04|   3.750e-02   |  1.662e-01 |  2.023e-02 |  1.318e-02 | 2.543e-02 |   1.080e-01  |  1.562e+05  |    1.438e+05   
  9.8% | 000025088 |    0.3699407  |          | 2.132e+04| 2.050e+04|               |            |            |  2.531e-01 | 1.324e-02 |   1.023e-01  |  1.479e+05  |    1.438e+05   
 10.0% | 000025600 |    0.3540552  |          | 2.114e+04| 2.069e+04|               |            |            |  2.383e-01 | 1.227e-02 |   1.022e-01  |  1.539e+05  |    1.440e+05   
 10.2% | 000026112 |    0.3590253  |          | 2.119e+04| 2.115e+04|               |            |            |  2.335e-01 | 2.500e-02 |   9.909e-02  |  1.511e+05  |    1.441e+05   
 10.4% | 000026624 |    0.3317505  | 2.211e+04| 2.114e+04| 2.088e+04|   3.717e-02   |  1.632e-01 |  1.930e-02 |  1.290e-02 | 2.061e-02 |   9.614e-02  |  1.628e+05  |    1.444e+05   
 10.6% | 000027136 |    0.3630400  |          | 2.124e+04| 2.101e+04|               |            |            |  2.527e-01 | 7.548e-03 |   1.015e-01  |  1.481e+05  |    1.445e+05   
 10.8% | 000027648 |    0.3425303  |          | 2.056e+04| 2.094e+04|               |            |            |  2.319e-01 | 1.047e-02 |   9.888e-02  |  1.562e+05  |    1.446e+05   
 11.0% | 000028160 |    0.3571896  |          | 2.088e+04| 2.082e+04|               |            |            |  2.309e-01 | 3.767e-02 |   8.728e-02  |  1.492e+05  |    1.447e+05   
 11.2% | 000028672 |    0.3295292  | 2.199e+04| 2.073e+04| 2.101e+04|   3.685e-02   |  1.636e-01 |  1.869e-02 |  1.281e-02 | 2.487e-02 |   8.976e-02  |  1.609e+05  |    1.449e+05   
 11.4% | 000029184 |    0.3512739  |          | 2.103e+04| 2.157e+04|               |            |            |  2.476e-01 | 1.276e-02 |   8.965e-02  |  1.503e+05  |    1.450e+05   
 11.6% | 000029696 |    0.3392058  |          | 2.064e+04| 2.150e+04|               |            |            |  2.353e-01 | 1.931e-02 |   8.332e-02  |  1.550e+05  |    1.452e+05   
 11.8% | 000030208 |    0.3544550  |          | 2.116e+04| 2.050e+04|               |            |            |  2.282e-01 | 4.603e-02 |   7.885e-02  |  1.476e+05  |    1.452e+05   
 12.0% | 000030720 |    0.3197182  | 2.214e+04| 2.126e+04| 2.078e+04|   3.655e-02   |  1.606e-01 |  1.919e-02 |  1.278e-02 | 1.963e-02 |   8.844e-02  |  1.629e+05  |    1.454e+05   
 12.2% | 000031232 |    0.3465427  |          | 2.147e+04| 2.171e+04|               |            |            |  2.470e-01 | 7.531e-03 |   9.070e-02  |  1.496e+05  |    1.455e+05   
 12.4% | 000031744 |    0.3365369  |          | 2.121e+04| 2.172e+04|               |            |            |  2.368e-01 | 6.925e-03 |   9.154e-02  |  1.534e+05  |    1.456e+05   
 12.6% | 000032256 |    0.3293281  |          | 2.075e+04| 2.125e+04|               |            |            |  2.278e-01 | 8.670e-03 |   9.143e-02  |  1.560e+05  |    1.457e+05   
 12.8% | 000032768 |    0.3222384  | 2.212e+04| 2.036e+04| 2.124e+04|   3.618e-02   |  1.581e-01 |  1.930e-02 |  1.254e-02 | 1.699e-02 |   9.669e-02  |  1.587e+05  |    1.459e+05   
 13.0% | 000033280 |    0.3284807  |          | 2.083e+04| 2.087e+04|               |            |            |  2.291e-01 | 1.835e-02 |   7.970e-02  |  1.550e+05  |    1.460e+05   
 13.2% | 000033792 |    0.3274687  |          | 2.076e+04| 2.067e+04|               |            |            |  2.270e-01 | 2.043e-02 |   7.877e-02  |  1.548e+05  |    1.461e+05   
 13.4% | 000034304 |    0.3487436  |          | 2.072e+04| 2.104e+04|               |            |            |  2.243e-01 | 5.558e-02 |   6.748e-02  |  1.446e+05  |    1.461e+05   
 13.6% | 000034816 |    0.3095856  | 2.208e+04| 2.100e+04| 2.097e+04|   3.584e-02   |  1.586e-01 |  2.005e-02 |  1.256e-02 | 2.737e-02 |   7.348e-02  |  1.622e+05  |    1.463e+05   
 13.8% | 000035328 |    0.3294913  |          | 2.147e+04| 2.125e+04|               |            |            |  2.356e-01 | 2.442e-02 |   6.818e-02  |  1.517e+05  |    1.463e+05   
 14.0% | 000035840 |    0.3233287  |          | 2.121e+04| 2.152e+04|               |            |            |  2.304e-01 | 1.872e-02 |   7.293e-02  |  1.539e+05  |    1.464e+05   
 14.2% | 000036352 |    0.3283666  |          | 2.121e+04| 2.168e+04|               |            |            |  2.225e-01 | 3.149e-02 |   7.298e-02  |  1.508e+05  |    1.465e+05   
 14.4% | 000036864 |    0.2994537  | 2.191e+04| 2.120e+04| 2.171e+04|   3.551e-02   |  1.552e-01 |  1.798e-02 |  1.240e-02 | 1.919e-02 |   7.541e-02  |  1.646e+05  |    1.467e+05   
 14.6% | 000037376 |    0.3175563  |          | 2.097e+04| 2.178e+04|               |            |            |  2.293e-01 | 7.723e-03 |   7.920e-02  |  1.545e+05  |    1.468e+05   
 14.8% | 000037888 |    0.3138157  |          | 2.086e+04| 2.183e+04|               |            |            |  2.256e-01 | 6.910e-03 |   8.006e-02  |  1.556e+05  |    1.469e+05   
 15.0% | 000038400 |    0.3164651  |          | 2.100e+04| 2.179e+04|               |            |            |  2.202e-01 | 1.937e-02 |   7.548e-02  |  1.536e+05  |    1.469e+05   
 15.2% | 000038912 |    0.3013990  | 2.213e+04| 2.056e+04| 2.147e+04|   3.518e-02   |  1.543e-01 |  1.954e-02 |  1.225e-02 | 1.941e-02 |   7.853e-02  |  1.605e+05  |    1.471e+05   
 15.4% | 000039424 |    0.3105296  |          | 2.090e+04| 2.173e+04|               |            |            |  2.256e-01 | 1.952e-02 |   6.413e-02  |  1.550e+05  |    1.471e+05   
 15.6% | 000039936 |    0.3063777  |          | 2.082e+04| 2.175e+04|               |            |            |  2.211e-01 | 2.460e-02 |   5.940e-02  |  1.564e+05  |    1.472e+05   
 15.8% | 000040448 |    0.3253076  |          | 2.126e+04| 2.140e+04|               |            |            |  2.205e-01 | 4.416e-02 |   5.921e-02  |  1.466e+05  |    1.472e+05   
 16.0% | 000040960 |    0.2882123  | 2.203e+04| 2.137e+04| 2.144e+04|   3.488e-02   |  1.535e-01 |  1.886e-02 |  1.223e-02 | 1.817e-02 |   6.773e-02  |  1.647e+05  |    1.474e+05   
 16.2% | 000041472 |    0.3109678  |          | 2.155e+04| 2.175e+04|               |            |            |  2.295e-01 | 7.550e-03 |   7.263e-02  |  1.519e+05  |    1.474e+05   
 16.4% | 000041984 |    0.3032692  |          | 2.121e+04| 2.174e+04|               |            |            |  2.213e-01 | 6.399e-03 |   7.432e-02  |  1.550e+05  |    1.475e+05   
 16.6% | 000042496 |    0.3026097  |          | 2.128e+04| 2.153e+04|               |            |            |  2.191e-01 | 9.477e-03 |   7.268e-02  |  1.546e+05  |    1.476e+05   
 16.8% | 000043008 |    0.2901285  | 2.338e+04| 2.081e+04| 2.114e+04|   3.452e-02   |  1.518e-01 |  1.970e-02 |  1.201e-02 | 1.973e-02 |   7.033e-02  |  1.605e+05  |    1.477e+05   
 17.0% | 000043520 |    0.3016212  |          | 2.096e+04| 2.152e+04|               |            |            |  2.231e-01 | 9.547e-03 |   6.767e-02  |  1.536e+05  |    1.478e+05   
 17.2% | 000044032 |    0.2949028  |          | 2.108e+04| 2.148e+04|               |            |            |  2.156e-01 | 1.799e-02 |   6.007e-02  |  1.564e+05  |    1.478e+05   
 17.4% | 000044544 |    0.3137002  |          | 2.080e+04| 2.142e+04|               |            |            |  2.122e-01 | 5.048e-02 |   4.965e-02  |  1.463e+05  |    1.478e+05   
 17.6% | 000045056 |    0.2793407  | 2.205e+04| 2.115e+04| 2.141e+04|   3.420e-02   |  1.483e-01 |  1.942e-02 |  1.195e-02 | 1.944e-02 |   6.369e-02  |  1.635e+05  |    1.479e+05   
 17.8% | 000045568 |    0.2973100  |          | 2.152e+04| 2.166e+04|               |            |            |  2.225e-01 | 1.295e-02 |   6.049e-02  |  1.529e+05  |    1.480e+05   
 18.0% | 000046080 |    0.2896128  |          | 2.130e+04| 2.175e+04|               |            |            |  2.147e-01 | 8.387e-03 |   6.531e-02  |  1.562e+05  |    1.481e+05   
 18.2% | 000046592 |    0.2895750  |          | 2.130e+04| 2.161e+04|               |            |            |  2.099e-01 | 1.352e-02 |   6.482e-02  |  1.554e+05  |    1.481e+05   
 18.4% | 000047104 |    0.2747461  | 2.331e+04| 2.121e+04| 2.116e+04|   3.385e-02   |  1.449e-01 |  1.871e-02 |  1.179e-02 | 1.681e-02 |   6.566e-02  |  1.630e+05  |    1.482e+05   
 18.6% | 000047616 |    0.2920620  |          | 2.059e+04| 2.195e+04|               |            |            |  2.215e-01 | 7.430e-03 |   6.183e-02  |  1.526e+05  |    1.483e+05   
 18.8% | 000048128 |    0.2842905  |          | 2.031e+04| 2.164e+04|               |            |            |  2.117e-01 | 1.377e-02 |   5.754e-02  |  1.560e+05  |    1.483e+05   
 19.0% | 000048640 |    0.3011391  |          | 2.030e+04| 2.177e+04|               |            |            |  2.118e-01 | 4.060e-02 |   4.735e-02  |  1.466e+05  |    1.483e+05   
 19.2% | 000049152 |    0.2784489  | 2.198e+04| 2.009e+04| 2.175e+04|   3.352e-02   |  1.434e-01 |  1.831e-02 |  1.169e-02 | 1.771e-02 |   7.045e-02  |  1.577e+05  |    1.484e+05   
 19.4% | 000049664 |    0.2859179  |          | 2.068e+04| 2.193e+04|               |            |            |  2.187e-01 | 1.197e-02 |   5.398e-02  |  1.529e+05  |    1.484e+05   
 19.6% | 000050176 |    0.2786228  |          | 2.040e+04| 2.169e+04|               |            |            |  2.096e-01 | 1.980e-02 |   4.804e-02  |  1.561e+05  |    1.485e+05   
 19.8% | 000050688 |    0.2995479  |          | 2.132e+04| 2.181e+04|               |            |            |  2.098e-01 | 4.923e-02 |   3.915e-02  |  1.445e+05  |    1.485e+05   
 20.0% | 000051200 |    0.2576143  | 2.181e+04| 2.165e+04| 2.187e+04|   3.321e-02   |  1.437e-01 |  1.834e-02 |  1.170e-02 | 1.890e-02 |   4.844e-02  |  1.671e+05  |    1.486e+05   
 20.2% | 000051712 |    0.2897915  |          | 2.166e+04| 2.168e+04|               |            |            |  2.251e-01 | 7.238e-03 |   5.612e-02  |  1.478e+05  |    1.486e+05   
 20.4% | 000052224 |    0.2720536  |          | 2.126e+04| 2.179e+04|               |            |            |  2.072e-01 | 6.142e-03 |   5.749e-02  |  1.567e+05  |    1.486e+05   
 20.6% | 000052736 |    0.2727855  |          | 1.979e+04| 2.131e+04|               |            |            |  2.037e-01 | 7.840e-03 |   5.986e-02  |  1.555e+05  |    1.487e+05   
 20.8% | 000053248 |    0.2739226  | 2.220e+04| 1.959e+04| 2.168e+04|   3.286e-02   |  1.414e-01 |  1.795e-02 |  1.146e-02 | 1.513e-02 |   7.139e-02  |  1.541e+05  |    1.487e+05   
 21.0% | 000053760 |    0.2694806  |          | 1.996e+04| 2.109e+04|               |            |            |  2.053e-01 | 2.394e-02 |   3.892e-02  |  1.558e+05  |    1.488e+05   
 21.2% | 000054272 |    0.2690106  |          | 2.003e+04| 2.093e+04|               |            |            |  2.034e-01 | 3.349e-02 |   3.088e-02  |  1.553e+05  |    1.488e+05   
 21.4% | 000054784 |    0.3043880  |          | 2.009e+04| 2.187e+04|               |            |            |  2.098e-01 | 7.117e-02 |   2.205e-02  |  1.366e+05  |    1.487e+05   
 21.6% | 000055296 |    0.2604733  | 2.203e+04| 2.026e+04| 2.191e+04|   3.253e-02   |  1.408e-01 |  1.863e-02 |  1.139e-02 | 2.273e-02 |   5.137e-02  |  1.588e+05  |    1.488e+05   
 21.8% | 000055808 |    0.2745756  |          | 2.163e+04| 2.193e+04|               |            |            |  2.167e-01 | 1.566e-02 |   4.091e-02  |  1.498e+05  |    1.488e+05   
 22.0% | 000056320 |    0.2636364  |          | 2.135e+04| 2.206e+04|               |            |            |  2.054e-01 | 7.476e-03 |   4.950e-02  |  1.553e+05  |    1.489e+05   
 22.2% | 000056832 |    0.2625030  |          | 2.136e+04| 2.209e+04|               |            |            |  2.006e-01 | 1.281e-02 |   4.767e-02  |  1.551e+05  |    1.489e+05   
 22.4% | 000057344 |    0.2472387  | 2.326e+04| 2.124e+04| 2.168e+04|   3.220e-02   |  1.400e-01 |  1.941e-02 |  1.122e-02 | 1.534e-02 |   4.673e-02  |  1.639e+05  |    1.490e+05   
 22.6% | 000057856 |    0.2651902  |          | 2.045e+04| 2.208e+04|               |            |            |  2.104e-01 | 7.543e-03 |   4.597e-02  |  1.520e+05  |    1.490e+05   
 22.8% | 000058368 |    0.2600977  |          | 2.024e+04| 2.178e+04|               |            |            |  2.034e-01 | 9.113e-03 |   4.633e-02  |  1.542e+05  |    1.490e+05   
 23.0% | 000058880 |    0.2728674  |          | 2.080e+04| 2.022e+04|               |            |            |  2.000e-01 | 3.527e-02 |   3.626e-02  |  1.462e+05  |    1.490e+05   
 23.2% | 000059392 |    0.2497208  | 2.173e+04| 2.082e+04| 2.007e+04|   3.189e-02   |  1.386e-01 |  1.844e-02 |  1.110e-02 | 1.980e-02 |   4.662e-02  |  1.589e+05  |    1.491e+05   
 23.4% | 000059904 |    0.2570171  |          | 2.054e+04| 2.206e+04|               |            |            |  2.053e-01 | 1.762e-02 |   3.277e-02  |  1.536e+05  |    1.491e+05   
 23.6% | 000060416 |    0.2588860  |          | 2.013e+04| 2.200e+04|               |            |            |  2.065e-01 | 2.350e-02 |   2.764e-02  |  1.517e+05  |    1.491e+05   
 23.8% | 000060928 |    0.2794409  |          | 2.080e+04| 2.178e+04|               |            |            |  1.994e-01 | 6.141e-02 |   1.733e-02  |  1.398e+05  |    1.491e+05   
 24.0% | 000061440 |    0.2354204  | 2.203e+04| 2.136e+04| 2.175e+04|   3.154e-02   |  1.380e-01 |  1.871e-02 |  1.112e-02 | 2.302e-02 |   3.005e-02  |  1.651e+05  |    1.492e+05   
 24.2% | 000061952 |    0.2604850  |          | 2.140e+04| 2.190e+04|               |            |            |  2.114e-01 | 7.765e-03 |   3.999e-02  |  1.484e+05  |    1.491e+05   
 24.4% | 000062464 |    0.2502962  |          | 2.070e+04| 2.200e+04|               |            |            |  2.010e-01 | 6.205e-03 |   4.191e-02  |  1.536e+05  |    1.492e+05   
 24.6% | 000062976 |    0.2498848  |          | 2.012e+04| 2.156e+04|               |            |            |  1.954e-01 | 1.236e-02 |   4.079e-02  |  1.531e+05  |    1.492e+05   
 24.8% | 000063488 |    0.2432908  | 2.329e+04| 2.009e+04| 2.157e+04|   3.120e-02   |  1.341e-01 |  1.823e-02 |  1.090e-02 | 1.581e-02 |   4.966e-02  |  1.564e+05  |    1.492e+05   
 25.0% | 000064000 |    0.2435311  |          | 2.060e+04| 2.211e+04|               |            |            |  1.975e-01 | 2.007e-02 |   2.472e-02  |  1.554e+05  |    1.493e+05   
 25.2% | 000064512 |    0.2466428  |          | 2.041e+04| 2.206e+04|               |            |            |  1.999e-01 | 2.046e-02 |   2.508e-02  |  1.526e+05  |    1.493e+05   
 25.4% | 000065024 |    0.2660764  |          | 2.021e+04| 2.154e+04|               |            |            |  1.942e-01 | 5.480e-02 |   1.573e-02  |  1.407e+05  |    1.492e+05   
 25.6% | 000065536 |    0.2310217  | 2.174e+04| 2.082e+04| 2.181e+04|   3.088e-02   |  1.342e-01 |  1.747e-02 |  1.101e-02 | 2.156e-02 |   3.168e-02  |  1.612e+05  |    1.493e+05   
 25.8% | 000066048 |    0.2492007  |          | 2.167e+04| 2.184e+04|               |            |            |  2.058e-01 | 9.985e-03 |   3.216e-02  |  1.487e+05  |    1.493e+05   
 26.0% | 000066560 |    0.2376218  |          | 2.145e+04| 2.202e+04|               |            |            |  1.940e-01 | 5.833e-03 |   3.658e-02  |  1.551e+05  |    1.493e+05   
 26.2% | 000067072 |    0.2368062  |          | 2.146e+04| 2.223e+04|               |            |            |  1.915e-01 | 1.002e-02 |   3.398e-02  |  1.548e+05  |    1.494e+05   
 26.4% | 000067584 |    0.2223691  | 2.348e+04| 2.135e+04| 2.180e+04|   3.054e-02   |  1.336e-01 |  1.715e-02 |  1.065e-02 | 1.230e-02 |   3.358e-02  |  1.639e+05  |    1.494e+05   
 26.6% | 000068096 |    0.2319241  |          | 2.144e+04| 2.208e+04|               |            |            |  1.915e-01 | 7.306e-03 |   3.179e-02  |  1.563e+05  |    1.495e+05   
 26.8% | 000068608 |    0.2347992  |          | 2.147e+04| 2.217e+04|               |            |            |  1.941e-01 | 5.621e-03 |   3.384e-02  |  1.536e+05  |    1.495e+05   
 27.0% | 000069120 |    0.2322835  |          | 2.125e+04| 2.236e+04|               |            |            |  1.892e-01 | 1.118e-02 |   3.060e-02  |  1.544e+05  |    1.495e+05   
 27.2% | 000069632 |    0.2215135  | 2.351e+04| 2.098e+04| 2.123e+04|   3.021e-02   |  1.302e-01 |  1.822e-02 |  1.049e-02 | 1.496e-02 |   3.395e-02  |  1.610e+05  |    1.496e+05   
 27.4% | 000070144 |    0.2268221  |          | 2.144e+04| 2.214e+04|               |            |            |  1.894e-01 | 1.005e-02 |   2.612e-02  |  1.564e+05  |    1.496e+05   
 27.6% | 000070656 |    0.2293684  |          | 2.134e+04| 2.235e+04|               |            |            |  1.916e-01 | 5.646e-03 |   3.084e-02  |  1.538e+05  |    1.496e+05   
 27.8% | 000071168 |    0.2272771  |          | 2.120e+04| 2.244e+04|               |            |            |  1.861e-01 | 1.198e-02 |   2.784e-02  |  1.543e+05  |    1.496e+05   
 28.0% | 000071680 |    0.2158615  | 2.331e+04| 2.108e+04| 2.147e+04|   2.989e-02   |  1.299e-01 |  1.781e-02 |  1.041e-02 | 1.368e-02 |   3.031e-02  |  1.616e+05  |    1.497e+05   
 28.2% | 000072192 |    0.2227661  |          | 2.136e+04| 2.233e+04|               |            |            |  1.881e-01 | 7.385e-03 |   2.599e-02  |  1.557e+05  |    1.497e+05   
 28.4% | 000072704 |    0.2252345  |          | 2.120e+04| 2.249e+04|               |            |            |  1.901e-01 | 5.574e-03 |   2.830e-02  |  1.532e+05  |    1.497e+05   
 28.6% | 000073216 |    0.2225717  |          | 2.062e+04| 2.240e+04|               |            |            |  1.860e-01 | 8.912e-03 |   2.637e-02  |  1.541e+05  |    1.498e+05   
 28.8% | 000073728 |    0.2156601  | 2.383e+04| 2.056e+04| 2.157e+04|   2.956e-02   |  1.270e-01 |  1.854e-02 |  1.028e-02 | 1.477e-02 |   3.234e-02  |  1.582e+05  |    1.498e+05   
 29.0% | 000074240 |    0.2167220  |          | 2.116e+04| 2.239e+04|               |            |            |  1.845e-01 | 1.449e-02 |   1.650e-02  |  1.565e+05  |    1.498e+05   
 29.2% | 000074752 |    0.2177393  |          | 2.075e+04| 2.254e+04|               |            |            |  1.851e-01 | 1.654e-02 |   1.485e-02  |  1.549e+05  |    1.499e+05   
 29.4% | 000075264 |    0.2322825  |          | 2.118e+04| 2.241e+04|               |            |            |  1.829e-01 | 3.915e-02 |   8.917e-03  |  1.444e+05  |    1.498e+05   
 29.6% | 000075776 |    0.2025216  | 2.192e+04| 2.136e+04| 2.242e+04|   2.922e-02   |  1.255e-01 |  1.781e-02 |  1.022e-02 | 2.085e-02 |   1.507e-02  |  1.647e+05  |    1.499e+05   
 29.8% | 000076288 |    0.2207897  |          | 2.174e+04| 2.241e+04|               |            |            |  1.912e-01 | 1.271e-02 |   1.564e-02  |  1.502e+05  |    1.499e+05   
 30.0% | 000076800 |    0.2113454  |          | 2.148e+04| 2.262e+04|               |            |            |  1.814e-01 | 6.825e-03 |   2.188e-02  |  1.560e+05  |    1.499e+05   
 30.2% | 000077312 |    0.2120154  |          | 2.150e+04| 2.259e+04|               |            |            |  1.785e-01 | 1.179e-02 |   2.044e-02  |  1.547e+05  |    1.499e+05   
 30.4% | 000077824 |    0.1996071  | 2.332e+04| 2.138e+04| 2.157e+04|   2.896e-02   |  1.232e-01 |  1.699e-02 |  1.004e-02 | 1.229e-02 |   2.345e-02  |  1.633e+05  |    1.500e+05   
 30.6% | 000078336 |    0.2065274  |          | 2.118e+04| 2.248e+04|               |            |            |  1.791e-01 | 6.675e-03 |   1.951e-02  |  1.570e+05  |    1.500e+05   
 30.8% | 000078848 |    0.2073820  |          | 2.104e+04| 2.259e+04|               |            |            |  1.797e-01 | 6.821e-03 |   1.965e-02  |  1.554e+05  |    1.500e+05   
 31.0% | 000079360 |    0.2154440  |          | 2.097e+04| 2.276e+04|               |            |            |  1.782e-01 | 2.259e-02 |   1.333e-02  |  1.487e+05  |    1.500e+05   
 31.2% | 000079872 |    0.1987361  | 2.162e+04| 2.082e+04| 2.218e+04|   2.856e-02   |  1.221e-01 |  1.721e-02 |  9.923e-03 | 1.861e-02 |   1.782e-02  |  1.603e+05  |    1.501e+05   
 31.4% | 000080384 |    0.2090589  |          | 2.121e+04| 2.278e+04|               |            |            |  1.846e-01 | 1.056e-02 |   1.260e-02  |  1.515e+05  |    1.501e+05   
 31.6% | 000080896 |    0.2033951  |          | 2.124e+04| 2.288e+04|               |            |            |  1.785e-01 | 6.761e-03 |   1.687e-02  |  1.548e+05  |    1.501e+05   
 31.8% | 000081408 |    0.2068619  |          | 2.153e+04| 2.285e+04|               |            |            |  1.765e-01 | 1.456e-02 |   1.452e-02  |  1.513e+05  |    1.501e+05   
 32.0% | 000081920 |    0.1895914  | 2.304e+04| 2.144e+04| 2.230e+04|   2.824e-02   |  1.203e-01 |  1.775e-02 |  9.843e-03 | 1.280e-02 |   1.678e-02  |  1.642e+05  |    1.502e+05   
 32.2% | 000082432 |    0.2027264  |          | 2.174e+04| 2.293e+04|               |            |            |  1.809e-01 | 6.841e-03 |   1.374e-02  |  1.526e+05  |    1.502e+05   
 32.4% | 000082944 |    0.1995479  |          | 2.152e+04| 2.296e+04|               |            |            |  1.770e-01 | 5.192e-03 |   1.615e-02  |  1.541e+05  |    1.502e+05   
 32.6% | 000083456 |    0.1983675  |          | 2.122e+04| 2.293e+04|               |            |            |  1.744e-01 | 8.825e-03 |   1.379e-02  |  1.541e+05  |    1.502e+05   
 32.8% | 000083968 |    0.1900046  | 2.326e+04| 2.101e+04| 2.120e+04|   2.790e-02   |  1.199e-01 |  1.684e-02 |  9.743e-03 | 1.377e-02 |   1.692e-02  |  1.600e+05  |    1.502e+05   
 33.0% | 000084480 |    0.1932480  |          | 2.135e+04| 2.298e+04|               |            |            |  1.733e-01 | 1.124e-02 |   7.424e-03  |  1.564e+05  |    1.503e+05   
 33.2% | 000084992 |    0.1954037  |          | 2.125e+04| 2.286e+04|               |            |            |  1.751e-01 | 8.612e-03 |   1.040e-02  |  1.537e+05  |    1.503e+05   
 33.4% | 000085504 |    0.1984293  |          | 2.117e+04| 2.282e+04|               |            |            |  1.738e-01 | 1.261e-02 |   1.065e-02  |  1.505e+05  |    1.503e+05   
 33.6% | 000086016 |    0.1831988  | 2.275e+04| 2.115e+04| 2.236e+04|   2.759e-02   |  1.193e-01 |  1.685e-02 |  9.624e-03 | 1.345e-02 |   1.149e-02  |  1.620e+05  |    1.503e+05   
 33.8% | 000086528 |    0.1929304  |          | 2.175e+04| 2.275e+04|               |            |            |  1.752e-01 | 6.862e-03 |   9.561e-03  |  1.529e+05  |    1.503e+05   
 34.0% | 000087040 |    0.1929156  |          | 2.156e+04| 2.266e+04|               |            |            |  1.747e-01 | 5.117e-03 |   1.189e-02  |  1.520e+05  |    1.503e+05   
 34.2% | 000087552 |    0.1922139  |          | 2.158e+04| 2.267e+04|               |            |            |  1.724e-01 | 8.805e-03 |   9.644e-03  |  1.516e+05  |    1.503e+05   
 34.4% | 000088064 |    0.1771291  | 2.351e+04| 2.144e+04| 2.256e+04|   2.724e-02   |  1.182e-01 |  1.621e-02 |  9.503e-03 | 1.077e-02 |   9.764e-03  |  1.635e+05  |    1.504e+05   
 34.6% | 000088576 |    0.1854103  |          | 2.164e+04| 2.252e+04|               |            |            |  1.700e-01 | 6.892e-03 |   7.262e-03  |  1.553e+05  |    1.504e+05   
 34.8% | 000089088 |    0.1891185  |          | 2.157e+04| 2.244e+04|               |            |            |  1.730e-01 | 4.991e-03 |   9.853e-03  |  1.513e+05  |    1.504e+05   
 35.0% | 000089600 |    0.1863380  |          | 2.160e+04| 2.261e+04|               |            |            |  1.687e-01 | 8.585e-03 |   7.738e-03  |  1.526e+05  |    1.504e+05   
 35.2% | 000090112 |    0.1735325  | 2.331e+04| 2.144e+04| 2.204e+04|   2.691e-02   |  1.164e-01 |  1.661e-02 |  9.385e-03 | 1.043e-02 |   8.701e-03  |  1.629e+05  |    1.504e+05   
 35.4% | 000090624 |    0.1806282  |          | 2.163e+04| 2.224e+04|               |            |            |  1.671e-01 | 6.834e-03 |   5.387e-03  |  1.555e+05  |    1.505e+05   
 35.6% | 000091136 |    0.1869698  |          | 2.158e+04| 2.221e+04|               |            |            |  1.728e-01 | 4.835e-03 |   8.099e-03  |  1.493e+05  |    1.505e+05   
 35.8% | 000091648 |    0.1838417  |          | 2.159e+04| 2.208e+04|               |            |            |  1.682e-01 | 8.539e-03 |   5.806e-03  |  1.509e+05  |    1.505e+05   
 36.0% | 000092160 |    0.1699710  | 2.269e+04| 2.143e+04| 2.084e+04|   2.658e-02   |  1.133e-01 |  1.712e-02 |  9.290e-03 | 1.012e-02 |   8.978e-03  |  1.622e+05  |    1.505e+05   
 36.2% | 000092672 |    0.1758419  |          | 2.168e+04| 2.183e+04|               |            |            |  1.642e-01 | 6.426e-03 |   3.940e-03  |  1.558e+05  |    1.505e+05   
 36.4% | 000093184 |    0.1815045  |          | 2.160e+04| 2.182e+04|               |            |            |  1.693e-01 | 4.782e-03 |   6.218e-03  |  1.500e+05  |    1.505e+05   
 36.6% | 000093696 |    0.1777747  |          | 2.133e+04| 2.185e+04|               |            |            |  1.651e-01 | 7.146e-03 |   4.228e-03  |  1.522e+05  |    1.505e+05   
 36.8% | 000094208 |    0.1703561  | 2.312e+04| 2.112e+04| 2.088e+04|   2.625e-02   |  1.131e-01 |  1.682e-02 |  9.179e-03 | 1.063e-02 |   9.533e-03  |  1.578e+05  |    1.505e+05   
 37.0% | 000094720 |    0.1708491  |          | 2.139e+04| 2.205e+04|               |            |            |  1.612e-01 | 6.432e-03 |   1.940e-03  |  1.564e+05  |    1.506e+05   
 37.2% | 000095232 |    0.1789497  |          | 2.133e+04| 2.143e+04|               |            |            |  1.689e-01 | 4.895e-03 |   3.908e-03  |  1.484e+05  |    1.505e+05   
 37.4% | 000095744 |    0.1750523  |          | 2.137e+04| 2.129e+04|               |            |            |  1.643e-01 | 7.348e-03 |   2.089e-03  |  1.507e+05  |    1.505e+05   
 37.6% | 000096256 |    0.1681117  | 2.256e+04| 2.117e+04| 1.980e+04|   2.592e-02   |  1.124e-01 |  1.553e-02 |  9.049e-03 | 1.061e-02 |   8.527e-03  |  1.559e+05  |    1.506e+05   
 37.8% | 000096768 |    0.1670179  |          | 2.168e+04| 2.026e+04|               |            |            |  1.580e-01 | 6.470e-03 |   1.248e-03  |  1.560e+05  |    1.506e+05   
 38.0% | 000097280 |    0.1720666  |          | 2.166e+04| 2.030e+04|               |            |            |  1.638e-01 | 4.763e-03 |   2.324e-03  |  1.504e+05  |    1.506e+05   
 38.2% | 000097792 |    0.1716958  |          | 2.165e+04| 2.029e+04|               |            |            |  1.630e-01 | 6.543e-03 |   8.897e-04  |  1.498e+05  |    1.506e+05   
 38.4% | 000098304 |    0.1631933  | 2.184e+04| 2.154e+04| 1.821e+04|   2.560e-02   |  1.114e-01 |  1.661e-02 |  8.951e-03 | 1.022e-02 |   5.361e-03  |  1.565e+05  |    1.506e+05   
 38.6% | 000098816 |    0.1638292  |          | 2.160e+04| 1.824e+04|               |            |            |  1.551e-01 | 6.226e-03 |   1.200e-03  |  1.549e+05  |    1.506e+05   
 38.8% | 000099328 |    0.1675924  |          | 2.161e+04| 1.814e+04|               |            |            |  1.596e-01 | 4.576e-03 |   2.163e-03  |  1.505e+05  |    1.506e+05   
 39.0% | 000099840 |    0.1675342  |          | 2.149e+04| 1.788e+04|               |            |            |  1.591e-01 | 6.154e-03 |   1.001e-03  |  1.495e+05  |    1.506e+05   
 39.2% | 000100352 |    0.1647511  | 2.159e+04| 2.133e+04| 1.319e+02|   2.525e-02   |  1.112e-01 |  1.541e-02 |  8.814e-03 | 1.206e-02 |   5.256e-03  |  1.511e+05  |    1.506e+05   
 39.4% | 000100864 |    0.1614956  |          | 2.116e+04| 1.540e+02|               |            |            |  1.526e-01 | 6.257e-03 |   8.985e-04  |  1.531e+05  |    1.506e+05   
 39.6% | 000101376 |    0.1662981  |          | 2.138e+04| 1.575e+02|               |            |            |  1.584e-01 | 4.775e-03 |   1.937e-03  |  1.477e+05  |    1.506e+05   
 39.8% | 000101888 |    0.1662524  |          | 2.138e+04| 1.570e+02|               |            |            |  1.576e-01 | 6.548e-03 |   3.351e-04  |  1.468e+05  |    1.506e+05   
 40.0% | 000102400 |    0.1582307  | 2.183e+04| 2.141e+04|          |   2.472e-02   |  1.099e-01 |  1.539e-02 |  8.723e-03 | 8.211e-03 |   3.036e-03  |  1.532e+05  |    1.506e+05   
 40.2% | 000102912 |    0.1622121  |          | 2.162e+04|          |               |            |            |  1.537e-01 | 5.510e-03 |   1.983e-03  |  1.484e+05  |    1.506e+05   
 40.4% | 000103424 |    0.1627300  |          | 2.162e+04|          |               |            |            |  1.548e-01 | 4.432e-03 |   2.451e-03  |  1.470e+05  |    1.506e+05   
 40.6% | 000103936 |    0.1615779  |          | 2.163e+04|          |               |            |            |  1.530e-01 | 5.640e-03 |   1.893e-03  |  1.470e+05  |    1.506e+05   
 40.8% | 000104448 |    0.1545540  | 2.184e+04| 2.143e+04|          |   2.426e-02   |  1.063e-01 |  1.569e-02 |  8.605e-03 | 8.754e-03 |   2.964e-03  |  1.527e+05  |    1.506e+05   
 41.0% | 000104960 |    0.1576693  |          | 2.140e+04|          |               |            |            |  1.493e-01 | 5.581e-03 |   1.839e-03  |  1.487e+05  |    1.506e+05   
 41.2% | 000105472 |    0.1615813  |          | 2.135e+04|          |               |            |            |  1.537e-01 | 4.651e-03 |   2.240e-03  |  1.441e+05  |    1.506e+05   
 41.4% | 000105984 |    0.1610378  |          | 2.164e+04|          |               |            |            |  1.525e-01 | 5.677e-03 |   1.814e-03  |  1.436e+05  |    1.505e+05   
 41.6% | 000106496 |    0.1493260  | 2.166e+04| 2.160e+04|          |   2.394e-02   |  1.033e-01 |  1.578e-02 |  8.476e-03 | 7.101e-03 |   2.800e-03  |  1.538e+05  |    1.505e+05   
 41.8% | 000107008 |    0.1548512  |          | 2.168e+04|          |               |            |            |  1.464e-01 | 5.469e-03 |   1.912e-03  |  1.473e+05  |    1.505e+05   
 42.0% | 000107520 |    0.1571701  |          | 2.162e+04|          |               |            |            |  1.494e-01 | 4.301e-03 |   2.442e-03  |  1.441e+05  |    1.505e+05   
 42.2% | 000108032 |    0.1581844  |          | 2.167e+04|          |               |            |            |  1.498e-01 | 5.527e-03 |   1.847e-03  |  1.422e+05  |    1.505e+05   
 42.4% | 000108544 |    0.1462627  | 2.185e+04| 2.152e+04|          |   2.353e-02   |  1.032e-01 |  1.579e-02 |  8.376e-03 | 4.792e-03 |   2.655e-03  |  1.528e+05  |    1.505e+05   
 42.6% | 000109056 |    0.1550979  |          | 2.145e+04|          |               |            |            |  1.471e-01 | 5.236e-03 |   1.790e-03  |  1.431e+05  |    1.505e+05   
 42.8% | 000109568 |    0.1555933  |          | 2.147e+04|          |               |            |            |  1.479e-01 | 4.239e-03 |   2.429e-03  |  1.416e+05  |    1.505e+05   
 43.0% | 000110080 |    0.1571846  |          | 2.144e+04|          |               |            |            |  1.488e-01 | 5.591e-03 |   1.688e-03  |  1.392e+05  |    1.504e+05   
 43.2% | 000110592 |    0.1440744  | 2.183e+04| 2.153e+04|          |   2.321e-02   |  1.020e-01 |  1.636e-02 |  8.266e-03 | 4.547e-03 |   2.414e-03  |  1.508e+05  |    1.504e+05   
 43.4% | 000111104 |    0.1548442  |          | 2.171e+04|          |               |            |            |  1.468e-01 | 5.290e-03 |   1.726e-03  |  1.393e+05  |    1.504e+05   
 43.6% | 000111616 |    0.1542798  |          | 2.166e+04|          |               |            |            |  1.467e-01 | 4.415e-03 |   2.184e-03  |  1.389e+05  |    1.504e+05   
 43.8% | 000112128 |    0.1562724  |          | 2.169e+04|          |               |            |            |  1.481e-01 | 5.426e-03 |   1.714e-03  |  1.361e+05  |    1.503e+05   
 44.0% | 000112640 |    0.1431408  | 2.166e+04| 2.151e+04|          |   2.282e-02   |  1.014e-01 |  1.508e-02 |  8.158e-03 | 4.880e-03 |   2.154e-03  |  1.476e+05  |    1.503e+05   
 44.2% | 000113152 |    0.1524766  |          | 2.170e+04|          |               |            |            |  1.447e-01 | 5.068e-03 |   1.717e-03  |  1.375e+05  |    1.503e+05   
 44.4% | 000113664 |    0.1545165  |          | 2.170e+04|          |               |            |            |  1.471e-01 | 4.128e-03 |   2.315e-03  |  1.347e+05  |    1.503e+05   
 44.6% | 000114176 |    0.1556922  |          | 2.155e+04|          |               |            |            |  1.477e-01 | 5.220e-03 |   1.762e-03  |  1.328e+05  |    1.502e+05   
 44.8% | 000114688 |    0.1419292  | 2.148e+04| 2.164e+04|          |   2.252e-02   |  1.009e-01 |  1.546e-02 |  8.070e-03 | 4.401e-03 |   2.364e-03  |  1.446e+05  |    1.502e+05   
 45.0% | 000115200 |    0.1517763  |          | 2.173e+04|          |               |            |            |  1.441e-01 | 4.872e-03 |   1.756e-03  |  1.342e+05  |    1.502e+05   
 45.2% | 000115712 |    0.1539204  |          | 2.170e+04|          |               |            |            |  1.465e-01 | 4.133e-03 |   2.247e-03  |  1.314e+05  |    1.501e+05   
 45.4% | 000116224 |    0.1558382  |          | 2.184e+04|          |               |            |            |  1.480e-01 | 5.236e-03 |   1.609e-03  |  1.288e+05  |    1.501e+05   
 45.6% | 000116736 |    0.1412623  | 2.190e+04| 2.167e+04|          |   2.213e-02   |  1.009e-01 |  1.595e-02 |  7.937e-03 | 4.387e-03 |   2.236e-03  |  1.411e+05  |    1.500e+05   
 45.8% | 000117248 |    0.1517813  |          | 2.160e+04|          |               |            |            |  1.438e-01 | 5.338e-03 |   1.593e-03  |  1.304e+05  |    1.500e+05   
 46.0% | 000117760 |    0.1528315  |          | 2.156e+04|          |               |            |            |  1.455e-01 | 4.007e-03 |   2.289e-03  |  1.285e+05  |    1.499e+05   
 46.2% | 000118272 |    0.1540850  |          | 2.156e+04|          |               |            |            |  1.463e-01 | 5.131e-03 |   1.657e-03  |  1.265e+05  |    1.499e+05   
 46.4% | 000118784 |    0.1383597  | 2.178e+04| 2.165e+04|          |   2.181e-02   |  9.856e-02 |  1.572e-02 |  7.832e-03 | 4.278e-03 |   2.215e-03  |  1.399e+05  |    1.499e+05   
 46.6% | 000119296 |    0.1496146  |          | 2.178e+04|          |               |            |            |  1.420e-01 | 4.981e-03 |   1.635e-03  |  1.284e+05  |    1.498e+05   
 46.8% | 000119808 |    0.1514731  |          | 2.174e+04|          |               |            |            |  1.444e-01 | 3.966e-03 |   2.061e-03  |  1.259e+05  |    1.498e+05   
 47.0% | 000120320 |    0.1521151  |          | 2.176e+04|          |               |            |            |  1.442e-01 | 5.075e-03 |   1.855e-03  |  1.244e+05  |    1.497e+05   
 47.2% | 000120832 |    0.1383362  | 2.158e+04| 2.178e+04|          |   2.142e-02   |  9.884e-02 |  1.593e-02 |  7.720e-03 | 4.539e-03 |   2.075e-03  |  1.358e+05  |    1.497e+05   
 47.4% | 000121344 |    0.1480759  |          | 2.173e+04|          |               |            |            |  1.407e-01 | 4.785e-03 |   1.616e-03  |  1.259e+05  |    1.496e+05   
 47.6% | 000121856 |    0.1491754  |          | 2.170e+04|          |               |            |            |  1.421e-01 | 4.012e-03 |   2.074e-03  |  1.240e+05  |    1.496e+05   
 47.8% | 000122368 |    0.1490639  |          | 2.178e+04|          |               |            |            |  1.412e-01 | 5.079e-03 |   1.764e-03  |  1.231e+05  |    1.495e+05   
 48.0% | 000122880 |    0.1358121  | 2.191e+04| 2.176e+04|          |   2.109e-02   |  9.699e-02 |  1.691e-02 |  7.591e-03 | 4.473e-03 |   2.016e-03  |  1.341e+05  |    1.495e+05   
 48.2% | 000123392 |    0.1439176  |          | 2.181e+04|          |               |            |            |  1.365e-01 | 4.796e-03 |   1.628e-03  |  1.256e+05  |    1.494e+05   
 48.4% | 000123904 |    0.1476376  |          | 2.178e+04|          |               |            |            |  1.407e-01 | 3.873e-03 |   2.016e-03  |  1.215e+05  |    1.493e+05   
 48.6% | 000124416 |    0.1469678  |          | 2.179e+04|          |               |            |            |  1.393e-01 | 4.982e-03 |   1.611e-03  |  1.211e+05  |    1.493e+05   
 48.8% | 000124928 |    0.1359170  | 2.187e+04| 2.171e+04|          |   2.071e-02   |  9.749e-02 |  1.667e-02 |  7.482e-03 | 4.556e-03 |   1.996e-03  |  1.299e+05  |    1.492e+05   
 49.0% | 000125440 |    0.1437173  |          | 2.170e+04|          |               |            |            |  1.363e-01 | 4.824e-03 |   1.545e-03  |  1.219e+05  |    1.492e+05   
 49.2% | 000125952 |    0.1444978  |          | 2.166e+04|          |               |            |            |  1.377e-01 | 3.777e-03 |   2.053e-03  |  1.203e+05  |    1.491e+05   
 49.4% | 000126464 |    0.1448770  |          | 2.167e+04|          |               |            |            |  1.375e-01 | 4.767e-03 |   1.585e-03  |  1.191e+05  |    1.490e+05   
 49.6% | 000126976 |    0.1334177  | 2.163e+04| 2.174e+04|          |   2.030e-02   |  9.588e-02 |  1.577e-02 |  7.355e-03 | 4.188e-03 |   1.935e-03  |  1.283e+05  |    1.490e+05   
 49.8% | 000127488 |    0.1416083  |          | 2.183e+04|          |               |            |            |  1.345e-01 | 4.613e-03 |   1.522e-03  |  1.199e+05  |    1.489e+05   
 50.0% | 000128000 |    0.1437931  |          | 2.181e+04|          |               |            |            |  1.370e-01 | 3.714e-03 |   2.070e-03  |  1.171e+05  |    1.489e+05   
 50.2% | 000128512 |    0.1444324  |          | 2.183e+04|          |               |            |            |  1.370e-01 | 4.848e-03 |   1.558e-03  |  1.157e+05  |    1.488e+05   
 50.4% | 000129024 |    0.1323825  | 2.138e+04| 2.171e+04|          |   2.006e-02   |  9.525e-02 |  1.694e-02 |  7.258e-03 | 4.219e-03 |   1.922e-03  |  1.252e+05  |    1.487e+05   
 50.6% | 000129536 |    0.1406529  |          | 2.187e+04|          |               |            |            |  1.335e-01 | 4.480e-03 |   1.622e-03  |  1.169e+05  |    1.487e+05   
 50.8% | 000130048 |    0.1399849  |          | 2.183e+04|          |               |            |            |  1.334e-01 | 3.646e-03 |   1.935e-03  |  1.165e+05  |    1.486e+05   
 51.0% | 000130560 |    0.1417255  |          | 2.173e+04|          |               |            |            |  1.343e-01 | 4.790e-03 |   1.573e-03  |  1.142e+05  |    1.485e+05   
 51.2% | 000131072 |    0.1302720  | 2.184e+04| 2.181e+04|          |   1.969e-02   |  9.375e-02 |  1.566e-02 |  7.112e-03 | 4.112e-03 |   1.943e-03  |  1.232e+05  |    1.485e+05   
 51.4% | 000131584 |    0.1387759  |          | 2.189e+04|          |               |            |            |  1.318e-01 | 4.442e-03 |   1.541e-03  |  1.147e+05  |    1.484e+05   
 51.6% | 000132096 |    0.1383951  |          | 2.187e+04|          |               |            |            |  1.319e-01 | 3.604e-03 |   1.902e-03  |  1.141e+05  |    1.483e+05   
 51.8% | 000132608 |    0.1401970  |          | 2.186e+04|          |               |            |            |  1.326e-01 | 4.923e-03 |   1.596e-03  |  1.117e+05  |    1.483e+05   
 52.0% | 000133120 |    0.1270694  | 2.169e+04| 2.179e+04|          |   1.938e-02   |  9.106e-02 |  1.580e-02 |  7.031e-03 | 4.054e-03 |   1.880e-03  |  1.222e+05  |    1.482e+05   
 52.2% | 000133632 |    0.1348411  |          | 2.179e+04|          |               |            |            |  1.279e-01 | 4.376e-03 |   1.539e-03  |  1.142e+05  |    1.482e+05   
 52.4% | 000134144 |    0.1341650  |          | 2.174e+04|          |               |            |            |  1.277e-01 | 3.533e-03 |   1.963e-03  |  1.138e+05  |    1.481e+05   
 52.6% | 000134656 |    0.1355060  |          | 2.186e+04|          |               |            |            |  1.281e-01 | 4.835e-03 |   1.518e-03  |  1.117e+05  |    1.480e+05   
 52.8% | 000135168 |    0.1257701  | 2.147e+04| 2.182e+04|          |   1.902e-02   |  9.034e-02 |  1.637e-02 |  6.930e-03 | 3.819e-03 |   1.990e-03  |  1.194e+05  |    1.480e+05   
 53.0% | 000135680 |    0.1330823  |          | 2.195e+04|          |               |            |            |  1.261e-01 | 4.442e-03 |   1.569e-03  |  1.119e+05  |    1.479e+05   
 53.2% | 000136192 |    0.1305366  |          | 2.192e+04|          |               |            |            |  1.241e-01 | 3.557e-03 |   1.885e-03  |  1.131e+05  |    1.478e+05   
 53.4% | 000136704 |    0.1317694  |          | 2.198e+04|          |               |            |            |  1.248e-01 | 4.575e-03 |   1.399e-03  |  1.111e+05  |    1.478e+05   
 53.6% | 000137216 |    0.1218478  | 2.184e+04| 2.190e+04|          |   1.854e-02   |  8.713e-02 |  1.606e-02 |  6.814e-03 | 3.729e-03 |   1.886e-03  |  1.191e+05  |    1.477e+05   
 53.8% | 000137728 |    0.1297106  |          | 2.185e+04|          |               |            |            |  1.228e-01 | 4.279e-03 |   1.576e-03  |  1.109e+05  |    1.476e+05   
 54.0% | 000138240 |    0.1282273  |          | 2.182e+04|          |               |            |            |  1.218e-01 | 3.589e-03 |   1.783e-03  |  1.112e+05  |    1.476e+05   
 54.2% | 000138752 |    0.1312981  |          | 2.182e+04|          |               |            |            |  1.243e-01 | 4.482e-03 |   1.491e-03  |  1.077e+05  |    1.475e+05   
 54.4% | 000139264 |    0.1213229  | 2.176e+04| 2.189e+04|          |   1.901e-02   |  8.696e-02 |  1.606e-02 |  6.696e-03 | 3.815e-03 |   2.785e-03  |  1.155e+05  |    1.474e+05   
 54.6% | 000139776 |    0.1281734  |          | 2.197e+04|          |               |            |            |  1.215e-01 | 4.145e-03 |   1.515e-03  |  1.084e+05  |    1.474e+05   
 54.8% | 000140288 |    0.1270595  |          | 2.195e+04|          |               |            |            |  1.208e-01 | 3.346e-03 |   1.884e-03  |  1.084e+05  |    1.473e+05   
 55.0% | 000140800 |    0.1305515  |          | 2.197e+04|          |               |            |            |  1.237e-01 | 4.353e-03 |   1.488e-03  |  1.046e+05  |    1.472e+05   
 55.2% | 000141312 |    0.1191190  | 2.152e+04| 2.188e+04|          |   1.867e-02   |  8.532e-02 |  1.481e-02 |  6.558e-03 | 3.880e-03 |   3.269e-03  |  1.136e+05  |    1.471e+05   
 55.4% | 000141824 |    0.1265797  |          | 2.201e+04|          |               |            |            |  1.200e-01 | 4.262e-03 |   1.333e-03  |  1.059e+05  |    1.471e+05   
 55.6% | 000142336 |    0.1267240  |          | 2.198e+04|          |               |            |            |  1.206e-01 | 3.290e-03 |   1.806e-03  |  1.049e+05  |    1.470e+05   
 55.8% | 000142848 |    0.1288038  |          | 2.202e+04|          |               |            |            |  1.221e-01 | 4.418e-03 |   1.296e-03  |  1.022e+05  |    1.469e+05   
 56.0% | 000143360 |    0.1186792  | 2.181e+04| 2.201e+04|          |   1.833e-02   |  8.532e-02 |  1.553e-02 |  6.460e-03 | 3.962e-03 |   3.151e-03  |  1.100e+05  |    1.468e+05   
 56.2% | 000143872 |    0.1256244  |          | 2.204e+04|          |               |            |            |  1.192e-01 | 4.065e-03 |   1.354e-03  |  1.030e+05  |    1.468e+05   
 56.4% | 000144384 |    0.1248510  |          | 2.203e+04|          |               |            |            |  1.188e-01 | 3.228e-03 |   1.789e-03  |  1.026e+05  |    1.467e+05   
 56.6% | 000144896 |    0.1274315  |          | 2.208e+04|          |               |            |            |  1.206e-01 | 4.357e-03 |   1.406e-03  |  9.965e+04  |    1.466e+05   
 56.8% | 000145408 |    0.1171359  | 2.176e+04| 2.207e+04|          |   1.802e-02   |  8.440e-02 |  1.588e-02 |  6.349e-03 | 3.821e-03 |   3.112e-03  |  1.074e+05  |    1.465e+05   
 57.0% | 000145920 |    0.1244490  |          | 2.191e+04|          |               |            |            |  1.181e-01 | 4.018e-03 |   1.363e-03  |  1.002e+05  |    1.465e+05   
 57.2% | 000146432 |    0.1237499  |          | 2.191e+04|          |               |            |            |  1.178e-01 | 3.281e-03 |   1.679e-03  |  9.980e+04  |    1.464e+05   
 57.4% | 000146944 |    0.1264427  |          | 2.194e+04|          |               |            |            |  1.198e-01 | 4.401e-03 |   1.234e-03  |  9.677e+04  |    1.463e+05   
 57.6% | 000147456 |    0.1164857  | 2.161e+04| 2.201e+04|          |   1.765e-02   |  8.436e-02 |  1.602e-02 |  6.223e-03 | 3.709e-03 |   3.121e-03  |  1.041e+05  |    1.462e+05   
 57.8% | 000147968 |    0.1226543  |          | 2.209e+04|          |               |            |            |  1.163e-01 | 3.879e-03 |   1.456e-03  |  9.790e+04  |    1.461e+05   
 58.0% | 000148480 |    0.1216474  |          | 2.205e+04|          |               |            |            |  1.157e-01 | 3.164e-03 |   1.708e-03  |  9.778e+04  |    1.460e+05   
 58.2% | 000148992 |    0.1239554  |          | 2.207e+04|          |               |            |            |  1.175e-01 | 4.080e-03 |   1.319e-03  |  9.505e+04  |    1.460e+05   
 58.4% | 000149504 |    0.1141499  | 2.133e+04| 2.194e+04|          |   1.734e-02   |  8.266e-02 |  1.577e-02 |  6.114e-03 | 3.536e-03 |   3.062e-03  |  1.022e+05  |    1.459e+05   
 58.6% | 000150016 |    0.1209552  |          | 2.212e+04|          |               |            |            |  1.148e-01 | 3.878e-03 |   1.261e-03  |  9.555e+04  |    1.458e+05   
 58.8% | 000150528 |    0.1217809  |          | 2.211e+04|          |               |            |            |  1.159e-01 | 3.228e-03 |   1.601e-03  |  9.399e+04  |    1.457e+05   
 59.0% | 000151040 |    0.1218299  |          | 2.199e+04|          |               |            |            |  1.154e-01 | 4.171e-03 |   1.209e-03  |  9.305e+04  |    1.456e+05   
 59.2% | 000151552 |    0.1109112  | 2.189e+04| 2.207e+04|          |   1.702e-02   |  7.995e-02 |  1.568e-02 |  6.005e-03 | 3.522e-03 |   2.972e-03  |  1.012e+05  |    1.456e+05   
 59.4% | 000152064 |    0.1176684  |          | 2.216e+04|          |               |            |            |  1.116e-01 | 3.899e-03 |   1.182e-03  |  9.447e+04  |    1.455e+05   
 59.6% | 000152576 |    0.1199079  |          | 2.215e+04|          |               |            |            |  1.142e-01 | 2.985e-03 |   1.669e-03  |  9.180e+04  |    1.454e+05   
 59.8% | 000153088 |    0.1194948  |          | 2.210e+04|          |               |            |            |  1.133e-01 | 3.952e-03 |   1.211e-03  |  9.121e+04  |    1.453e+05   
 60.0% | 000153600 |    0.1091925  | 2.177e+04| 2.207e+04|          |   1.667e-02   |  7.900e-02 |  1.533e-02 |  5.897e-03 | 3.276e-03 |   3.000e-03  |  9.883e+04  |    1.452e+05   
 60.2% | 000154112 |    0.1171530  |          | 2.208e+04|          |               |            |            |  1.112e-01 | 3.683e-03 |   1.254e-03  |  9.119e+04  |    1.451e+05   
 60.4% | 000154624 |    0.1191870  |          | 2.201e+04|          |               |            |            |  1.136e-01 | 3.076e-03 |   1.516e-03  |  8.874e+04  |    1.450e+05   
 60.6% | 000155136 |    0.1178822  |          | 2.210e+04|          |               |            |            |  1.117e-01 | 3.946e-03 |   1.204e-03  |  8.882e+04  |    1.450e+05   
 60.8% | 000155648 |    0.1092162  | 2.138e+04| 2.213e+04|          |   1.634e-02   |  7.908e-02 |  1.535e-02 |  5.792e-03 | 3.673e-03 |   2.953e-03  |  9.490e+04  |    1.449e+05   
 61.0% | 000156160 |    0.1145705  |          | 2.225e+04|          |               |            |            |  1.087e-01 | 3.624e-03 |   1.252e-03  |  8.955e+04  |    1.448e+05   
 61.2% | 000156672 |    0.1157681  |          | 2.222e+04|          |               |            |            |  1.103e-01 | 2.862e-03 |   1.616e-03  |  8.772e+04  |    1.447e+05   
 61.4% | 000157184 |    0.1160961  |          | 2.234e+04|          |               |            |            |  1.101e-01 | 3.809e-03 |   1.209e-03  |  8.657e+04  |    1.446e+05   
 61.6% | 000157696 |    0.1078611  | 2.171e+04| 2.232e+04|          |   1.601e-02   |  7.835e-02 |  1.568e-02 |  5.639e-03 | 3.663e-03 |   2.834e-03  |  9.222e+04  |    1.445e+05   
 61.8% | 000158208 |    0.1133206  |          | 2.214e+04|          |               |            |            |  1.075e-01 | 3.552e-03 |   1.268e-03  |  8.687e+04  |    1.444e+05   
 62.0% | 000158720 |    0.1118555  |          | 2.211e+04|          |               |            |            |  1.065e-01 | 2.804e-03 |   1.548e-03  |  8.709e+04  |    1.443e+05   
 62.2% | 000159232 |    0.1131945  |          | 2.214e+04|          |               |            |            |  1.072e-01 | 3.847e-03 |   1.177e-03  |  8.516e+04  |    1.443e+05   
 62.4% | 000159744 |    0.1056472  | 2.179e+04| 2.217e+04|          |   1.566e-02   |  7.710e-02 |  1.517e-02 |  5.538e-03 | 3.114e-03 |   2.865e-03  |  9.028e+04  |    1.442e+05   
 62.6% | 000160256 |    0.1114907  |          | 2.232e+04|          |               |            |            |  1.057e-01 | 3.616e-03 |   1.137e-03  |  8.465e+04  |    1.441e+05   
 62.8% | 000160768 |    0.1102345  |          | 2.228e+04|          |               |            |            |  1.050e-01 | 2.802e-03 |   1.453e-03  |  8.470e+04  |    1.440e+05   
 63.0% | 000161280 |    0.1122457  |          | 2.229e+04|          |               |            |            |  1.063e-01 | 3.769e-03 |   1.132e-03  |  8.229e+04  |    1.439e+05   
 63.2% | 000161792 |    0.1039487  | 2.152e+04| 2.224e+04|          |   1.536e-02   |  7.557e-02 |  1.463e-02 |  5.459e-03 | 3.473e-03 |   2.711e-03  |  8.790e+04  |    1.438e+05   
 63.4% | 000162304 |    0.1092496  |          | 2.229e+04|          |               |            |            |  1.037e-01 | 3.401e-03 |   1.166e-03  |  8.274e+04  |    1.437e+05   
 63.6% | 000162816 |    0.1059167  |          | 2.225e+04|          |               |            |            |  1.007e-01 | 2.822e-03 |   1.414e-03  |  8.441e+04  |    1.437e+05   
 63.8% | 000163328 |    0.1081089  |          | 2.236e+04|          |               |            |            |  1.023e-01 | 3.723e-03 |   1.076e-03  |  8.180e+04  |    1.436e+05   
 64.0% | 000163840 |    0.0992387  | 2.120e+04| 2.234e+04|          |   1.501e-02   |  7.170e-02 |  1.439e-02 |  5.321e-03 | 3.113e-03 |   2.740e-03  |  8.813e+04  |    1.435e+05   
 64.2% | 000164352 |    0.1050284  |          | 2.256e+04|          |               |            |            |  9.957e-02 | 3.359e-03 |   1.081e-03  |  8.235e+04  |    1.434e+05   
 64.4% | 000164864 |    0.1047306  |          | 2.251e+04|          |               |            |            |  9.969e-02 | 2.627e-03 |   1.399e-03  |  8.167e+04  |    1.433e+05   
 64.6% | 000165376 |    0.1064751  |          | 2.234e+04|          |               |            |            |  1.008e-01 | 3.536e-03 |   1.104e-03  |  7.943e+04  |    1.432e+05   
 64.8% | 000165888 |    0.0961193  | 2.179e+04| 2.228e+04|          |   1.468e-02   |  6.925e-02 |  1.458e-02 |  5.212e-03 | 2.928e-03 |   2.679e-03  |  8.700e+04  |    1.432e+05   
 65.0% | 000166400 |    0.1019400  |          | 2.240e+04|          |               |            |            |  9.637e-02 | 3.390e-03 |   1.168e-03  |  8.111e+04  |    1.431e+05   
 65.2% | 000166912 |    0.1006234  |          | 2.235e+04|          |               |            |            |  9.559e-02 | 2.618e-03 |   1.396e-03  |  8.123e+04  |    1.430e+05   
 65.4% | 000167424 |    0.1026462  |          | 2.226e+04|          |               |            |            |  9.691e-02 | 3.629e-03 |   1.077e-03  |  7.872e+04  |    1.429e+05   
 65.6% | 000167936 |    0.0947025  | 2.164e+04| 2.239e+04|          |   1.436e-02   |  6.805e-02 |  1.387e-02 |  5.081e-03 | 3.279e-03 |   2.561e-03  |  8.434e+04  |    1.428e+05   
 65.8% | 000168448 |    0.0999798  |          | 2.255e+04|          |               |            |            |  9.462e-02 | 3.205e-03 |   1.128e-03  |  7.897e+04  |    1.427e+05   
 66.0% | 000168960 |    0.0995411  |          | 2.246e+04|          |               |            |            |  9.468e-02 | 2.525e-03 |   1.331e-03  |  7.839e+04  |    1.427e+05   
 66.2% | 000169472 |    0.1015517  |          | 2.252e+04|          |               |            |            |  9.592e-02 | 3.639e-03 |   9.723e-04  |  7.594e+04  |    1.426e+05   
 66.4% | 000169984 |    0.0937179  | 2.120e+04| 2.244e+04|          |   1.403e-02   |  6.782e-02 |  1.393e-02 |  4.984e-03 | 2.990e-03 |   2.541e-03  |  8.132e+04  |    1.425e+05   
 66.6% | 000170496 |    0.0992333  |          | 2.260e+04|          |               |            |            |  9.398e-02 | 3.169e-03 |   1.067e-03  |  7.589e+04  |    1.424e+05   
 66.8% | 000171008 |    0.0988866  |          | 2.256e+04|          |               |            |            |  9.411e-02 | 2.461e-03 |   1.310e-03  |  7.525e+04  |    1.423e+05   
 67.0% | 000171520 |    0.0999180  |          | 2.240e+04|          |               |            |            |  9.443e-02 | 3.510e-03 |   9.607e-04  |  7.359e+04  |    1.422e+05   
 67.2% | 000172032 |    0.0924186  | 2.169e+04| 2.253e+04|          |   1.369e-02   |  6.700e-02 |  1.343e-02 |  4.872e-03 | 3.050e-03 |   2.415e-03  |  7.860e+04  |    1.421e+05   
 67.4% | 000172544 |    0.0973472  |          | 2.272e+04|          |               |            |            |  9.214e-02 | 3.154e-03 |   1.040e-03  |  7.371e+04  |    1.421e+05   
 67.6% | 000173056 |    0.0974938  |          | 2.266e+04|          |               |            |            |  9.279e-02 | 2.451e-03 |   1.235e-03  |  7.271e+04  |    1.420e+05   
 67.8% | 000173568 |    0.0992034  |          | 2.268e+04|          |               |            |            |  9.388e-02 | 3.310e-03 |   1.002e-03  |  7.058e+04  |    1.419e+05   
 68.0% | 000174080 |    0.0909938  | 2.160e+04| 2.260e+04|          |   1.336e-02   |  6.625e-02 |  1.332e-02 |  4.768e-03 | 2.825e-03 |   2.426e-03  |  7.599e+04  |    1.418e+05   
 68.2% | 000174592 |    0.0960766  |          | 2.271e+04|          |               |            |            |  9.098e-02 | 3.128e-03 |   9.600e-04  |  7.108e+04  |    1.417e+05   
 68.4% | 000175104 |    0.0958340  |          | 2.261e+04|          |               |            |            |  9.125e-02 | 2.352e-03 |   1.231e-03  |  7.037e+04  |    1.416e+05   
 68.6% | 000175616 |    0.0979000  |          | 2.260e+04|          |               |            |            |  9.268e-02 | 3.292e-03 |   9.075e-04  |  6.802e+04  |    1.415e+05   
 68.8% | 000176128 |    0.0896645  | 2.132e+04| 2.267e+04|          |   1.303e-02   |  6.549e-02 |  1.321e-02 |  4.660e-03 | 2.749e-03 |   2.393e-03  |  7.332e+04  |    1.414e+05   
 69.0% | 000176640 |    0.0955919  |          | 2.296e+04|          |               |            |            |  9.066e-02 | 2.980e-03 |   9.361e-04  |  6.790e+04  |    1.414e+05   
 69.2% | 000177152 |    0.0952396  |          | 2.287e+04|          |               |            |            |  9.076e-02 | 2.265e-03 |   1.206e-03  |  6.728e+04  |    1.413e+05   
 69.4% | 000177664 |    0.0975605  |          | 2.293e+04|          |               |            |            |  9.234e-02 | 3.230e-03 |   9.676e-04  |  6.483e+04  |    1.412e+05   
 69.6% | 000178176 |    0.0880530  | 2.086e+04| 2.293e+04|          |   1.271e-02   |  6.448e-02 |  1.324e-02 |  4.516e-03 | 2.665e-03 |   2.333e-03  |  7.090e+04  |    1.411e+05   
 69.8% | 000178688 |    0.0938987  |          | 2.290e+04|          |               |            |            |  8.907e-02 | 2.917e-03 |   9.043e-04  |  6.562e+04  |    1.410e+05   
 70.0% | 000179200 |    0.0952360  |          | 2.280e+04|          |               |            |            |  9.072e-02 | 2.360e-03 |   1.131e-03  |  6.384e+04  |    1.409e+05   
 70.2% | 000179712 |    0.0962486  |          | 2.279e+04|          |               |            |            |  9.104e-02 | 3.197e-03 |   9.901e-04  |  6.233e+04  |    1.408e+05   
 70.4% | 000180224 |    0.0872640  | 2.167e+04| 2.286e+04|          |   1.238e-02   |  6.420e-02 |  1.363e-02 |  4.414e-03 | 2.665e-03 |   2.237e-03  |  6.784e+04  |    1.407e+05   
 70.6% | 000180736 |    0.0943037  |          | 2.304e+04|          |               |            |            |  8.963e-02 | 2.757e-03 |   9.087e-04  |  6.193e+04  |    1.406e+05   
 70.8% | 000181248 |    0.0937855  |          | 2.302e+04|          |               |            |            |  8.949e-02 | 2.153e-03 |   1.130e-03  |  6.143e+04  |    1.405e+05   
 71.0% | 000181760 |    0.0926413  |          | 2.301e+04|          |               |            |            |  8.763e-02 | 3.180e-03 |   8.220e-04  |  6.134e+04  |    1.404e+05   
 71.2% | 000182272 |    0.0850859  | 2.132e+04| 2.293e+04|          |   1.203e-02   |  6.262e-02 |  1.398e-02 |  4.300e-03 | 2.537e-03 |   2.243e-03  |  6.587e+04  |    1.403e+05   
 71.4% | 000182784 |    0.0909661  |          | 2.303e+04|          |               |            |            |  8.634e-02 | 2.763e-03 |   8.448e-04  |  6.077e+04  |    1.403e+05   
 71.6% | 000183296 |    0.0928343  |          | 2.297e+04|          |               |            |            |  8.856e-02 | 2.081e-03 |   1.180e-03  |  5.872e+04  |    1.402e+05   
 71.8% | 000183808 |    0.0916407  |          | 2.304e+04|          |               |            |            |  8.687e-02 | 2.916e-03 |   8.387e-04  |  5.865e+04  |    1.401e+05   
 72.0% | 000184320 |    0.0844866  | 2.092e+04| 2.311e+04|          |   1.170e-02   |  6.256e-02 |  1.429e-02 |  4.176e-03 | 2.568e-03 |   2.121e-03  |  6.272e+04  |    1.400e+05   
 72.2% | 000184832 |    0.0893023  |          | 2.325e+04|          |               |            |            |  8.482e-02 | 2.636e-03 |   8.316e-04  |  5.850e+04  |    1.399e+05   
 72.4% | 000185344 |    0.0908078  |          | 2.324e+04|          |               |            |            |  8.669e-02 | 2.031e-03 |   1.067e-03  |  5.670e+04  |    1.398e+05   
 72.6% | 000185856 |    0.0899781  |          | 2.326e+04|          |               |            |            |  8.517e-02 | 2.984e-03 |   7.976e-04  |  5.640e+04  |    1.397e+05   
 72.8% | 000186368 |    0.0832876  | 2.163e+04| 2.314e+04|          |   1.138e-02   |  6.198e-02 |  1.441e-02 |  4.066e-03 | 2.463e-03 |   2.057e-03  |  6.005e+04  |    1.396e+05   
 73.0% | 000186880 |    0.0884592  |          | 2.321e+04|          |               |            |            |  8.400e-02 | 2.657e-03 |   7.845e-04  |  5.572e+04  |    1.395e+05   
 73.2% | 000187392 |    0.0890647  |          | 2.316e+04|          |               |            |            |  8.508e-02 | 1.973e-03 |   1.004e-03  |  5.452e+04  |    1.394e+05   
 73.4% | 000187904 |    0.0889569  |          | 2.322e+04|          |               |            |            |  8.422e-02 | 2.886e-03 |   8.274e-04  |  5.378e+04  |    1.393e+05   
 73.6% | 000188416 |    0.0815497  | 2.138e+04| 2.326e+04|          |   1.106e-02   |  6.077e-02 |  1.466e-02 |  3.956e-03 | 2.415e-03 |   1.989e-03  |  5.779e+04  |    1.392e+05   
 73.8% | 000188928 |    0.0861032  |          | 2.337e+04|          |               |            |            |  8.175e-02 | 2.540e-03 |   8.059e-04  |  5.391e+04  |    1.391e+05   
 74.0% | 000189440 |    0.0849428  |          | 2.337e+04|          |               |            |            |  8.102e-02 | 1.921e-03 |   9.986e-04  |  5.382e+04  |    1.391e+05   
 74.2% | 000189952 |    0.0874528  |          | 2.336e+04|          |               |            |            |  8.294e-02 | 2.748e-03 |   7.538e-04  |  5.148e+04  |    1.390e+05   
 74.4% | 000190464 |    0.0805734  | 2.100e+04| 2.338e+04|          |   1.071e-02   |  6.031e-02 |  1.418e-02 |  3.827e-03 | 2.398e-03 |   1.974e-03  |  5.501e+04  |    1.389e+05   
 74.6% | 000190976 |    0.0856853  |          | 2.331e+04|          |               |            |            |  8.144e-02 | 2.481e-03 |   7.571e-04  |  5.093e+04  |    1.388e+05   
 74.8% | 000191488 |    0.0848653  |          | 2.335e+04|          |               |            |            |  8.096e-02 | 1.935e-03 |   9.536e-04  |  5.062e+04  |    1.387e+05   
 75.0% | 000192000 |    0.0856661  |          | 2.341e+04|          |               |            |            |  8.121e-02 | 2.671e-03 |   7.563e-04  |  4.935e+04  |    1.386e+05   
 75.2% | 000192512 |    0.0763762  | 1.963e+04| 2.344e+04|          |   1.039e-02   |  5.662e-02 |  1.394e-02 |  3.739e-03 | 2.302e-03 |   1.964e-03  |  5.448e+04  |    1.385e+05   
 75.4% | 000193024 |    0.0812637  |          | 2.339e+04|          |               |            |            |  7.706e-02 | 2.400e-03 |   7.827e-04  |  5.038e+04  |    1.384e+05   
 75.6% | 000193536 |    0.0800451  |          | 2.350e+04|          |               |            |            |  7.631e-02 | 1.795e-03 |   9.393e-04  |  5.032e+04  |    1.383e+05   
 75.8% | 000194048 |    0.0814923  |          | 2.350e+04|          |               |            |            |  7.701e-02 | 2.791e-03 |   6.738e-04  |  4.863e+04  |    1.382e+05   
 76.0% | 000194560 |    0.0757303  | 2.149e+04| 2.346e+04|          |   1.006e-02   |  5.658e-02 |  1.398e-02 |  3.619e-03 | 2.320e-03 |   1.784e-03  |  5.147e+04  |    1.382e+05   
 76.2% | 000195072 |    0.0800076  |          | 2.335e+04|          |               |            |            |  7.593e-02 | 2.374e-03 |   6.885e-04  |  4.791e+04  |    1.381e+05   
 76.4% | 000195584 |    0.0773889  |          | 2.345e+04|          |               |            |            |  7.369e-02 | 1.803e-03 |   8.683e-04  |  4.871e+04  |    1.380e+05   
 76.6% | 000196096 |    0.0782084  |          | 2.348e+04|          |               |            |            |  7.386e-02 | 2.699e-03 |   6.323e-04  |  4.739e+04  |    1.379e+05   
 76.8% | 000196608 |    0.0718602  | 2.118e+04| 2.352e+04|          |   9.725e-03   |  5.334e-02 |  1.372e-02 |  3.504e-03 | 2.209e-03 |   1.736e-03  |  5.070e+04  |    1.378e+05   
 77.0% | 000197120 |    0.0763091  |          | 2.327e+04|          |               |            |            |  7.240e-02 | 2.278e-03 |   6.151e-04  |  4.693e+04  |    1.377e+05   
 77.2% | 000197632 |    0.0750639  |          | 2.350e+04|          |               |            |            |  7.152e-02 | 1.678e-03 |   8.538e-04  |  4.688e+04  |    1.376e+05   
 77.4% | 000198144 |    0.0767855  |          | 2.350e+04|          |               |            |            |  7.267e-02 | 2.467e-03 |   6.273e-04  |  4.504e+04  |    1.375e+05   
 77.6% | 000198656 |    0.0711248  | 2.046e+04| 2.351e+04|          |   9.404e-03   |  5.311e-02 |  1.346e-02 |  3.388e-03 | 2.126e-03 |   1.739e-03  |  4.777e+04  |    1.375e+05   
 77.8% | 000199168 |    0.0750876  |          | 2.321e+04|          |               |            |            |  7.110e-02 | 2.249e-03 |   7.222e-04  |  4.444e+04  |    1.374e+05   
 78.0% | 000199680 |    0.0741483  |          | 2.348e+04|          |               |            |            |  7.069e-02 | 1.637e-03 |   8.105e-04  |  4.420e+04  |    1.373e+05   
 78.2% | 000200192 |    0.0749880  |          | 2.347e+04|          |               |            |            |  7.090e-02 | 2.488e-03 |   5.856e-04  |  4.292e+04  |    1.372e+05   
 78.4% | 000200704 |    0.0700468  | 2.132e+04| 2.347e+04|          |   9.068e-03   |  5.262e-02 |  1.316e-02 |  3.246e-03 | 2.159e-03 |   1.599e-03  |  4.511e+04  |    1.371e+05   
 78.6% | 000201216 |    0.0739822  |          | 2.318e+04|          |               |            |            |  7.017e-02 | 2.183e-03 |   6.184e-04  |  4.193e+04  |    1.370e+05   
 78.8% | 000201728 |    0.0724022  |          | 2.343e+04|          |               |            |            |  6.908e-02 | 1.563e-03 |   7.581e-04  |  4.205e+04  |    1.370e+05   
 79.0% | 000202240 |    0.0741526  |          | 2.337e+04|          |               |            |            |  7.027e-02 | 2.310e-03 |   5.480e-04  |  4.029e+04  |    1.369e+05   
 79.2% | 000202752 |    0.0691938  | 2.113e+04| 2.341e+04|          |   8.747e-03   |  5.224e-02 |  1.309e-02 |  3.157e-03 | 2.135e-03 |   1.546e-03  |  4.236e+04  |    1.368e+05   
 79.4% | 000203264 |    0.0721692  |          | 2.306e+04|          |               |            |            |  6.853e-02 | 2.076e-03 |   5.476e-04  |  3.984e+04  |    1.367e+05   
 79.6% | 000203776 |    0.0706895  |          | 2.339e+04|          |               |            |            |  6.740e-02 | 1.567e-03 |   6.973e-04  |  3.990e+04  |    1.366e+05   
 79.8% | 000204288 |    0.0719941  |          | 2.331e+04|          |               |            |            |  6.815e-02 | 2.336e-03 |   4.967e-04  |  3.841e+04  |    1.365e+05   
 80.0% | 000204800 |    0.0673558  | 1.973e+04| 2.332e+04|          |   8.406e-03   |  5.100e-02 |  1.245e-02 |  3.048e-03 | 2.038e-03 |   1.485e-03  |  4.025e+04  |    1.364e+05   
 80.2% | 000205312 |    0.0709373  |          | 2.301e+04|          |               |            |            |  6.732e-02 | 2.051e-03 |   5.502e-04  |  3.746e+04  |    1.364e+05   
 80.4% | 000205824 |    0.0700905  |          | 2.330e+04|          |               |            |            |  6.697e-02 | 1.457e-03 |   6.521e-04  |  3.716e+04  |    1.363e+05   
 80.6% | 000206336 |    0.0710694  |          | 2.326e+04|          |               |            |            |  6.734e-02 | 2.208e-03 |   5.022e-04  |  3.591e+04  |    1.362e+05   
 80.8% | 000206848 |    0.0667519  | 2.105e+04| 2.323e+04|          |   8.074e-03   |  5.102e-02 |  1.313e-02 |  2.921e-03 | 1.924e-03 |   1.468e-03  |  3.745e+04  |    1.361e+05   
 81.0% | 000207360 |    0.0697942  |          | 2.293e+04|          |               |            |            |  6.638e-02 | 1.936e-03 |   4.691e-04  |  3.508e+04  |    1.360e+05   
 81.2% | 000207872 |    0.0703557  |          | 2.325e+04|          |               |            |            |  6.727e-02 | 1.388e-03 |   6.942e-04  |  3.407e+04  |    1.359e+05   
 81.4% | 000208384 |    0.0691510  |          | 2.322e+04|          |               |            |            |  6.550e-02 | 2.150e-03 |   4.841e-04  |  3.394e+04  |    1.358e+05   
 81.6% | 000208896 |    0.0646069  | 2.114e+04| 2.322e+04|          |   7.757e-03   |  4.950e-02 |  1.328e-02 |  2.823e-03 | 1.786e-03 |   1.384e-03  |  3.555e+04  |    1.358e+05   
 81.8% | 000209408 |    0.0695154  |          | 2.279e+04|          |               |            |            |  6.611e-02 | 1.942e-03 |   4.507e-04  |  3.233e+04  |    1.357e+05   
 82.0% | 000209920 |    0.0692460  |          | 2.317e+04|          |               |            |            |  6.632e-02 | 1.333e-03 |   5.909e-04  |  3.175e+04  |    1.356e+05   
 82.2% | 000210432 |    0.0676107  |          | 2.306e+04|          |               |            |            |  6.410e-02 | 2.115e-03 |   3.822e-04  |  3.180e+04  |    1.355e+05   
 82.4% | 000210944 |    0.0609790  | 1.970e+04| 2.308e+04|          |   7.441e-03   |  4.637e-02 |  1.330e-02 |  2.702e-03 | 1.790e-03 |   1.313e-03  |  3.448e+04  |    1.354e+05   
 82.6% | 000211456 |    0.0648085  |          | 2.274e+04|          |               |            |            |  6.157e-02 | 1.836e-03 |   4.002e-04  |  3.171e+04  |    1.354e+05   
 82.8% | 000211968 |    0.0682122  |          | 2.315e+04|          |               |            |            |  6.532e-02 | 1.368e-03 |   5.010e-04  |  2.944e+04  |    1.353e+05   
 83.0% | 000212480 |    0.0644520  |          | 2.302e+04|          |               |            |            |  6.090e-02 | 2.127e-03 |   4.044e-04  |  3.045e+04  |    1.352e+05   
 83.2% | 000212992 |    0.0599952  | 1.941e+04| 2.306e+04|          |   7.120e-03   |  4.593e-02 |  1.334e-02 |  2.600e-03 | 1.769e-03 |   1.209e-03  |  3.195e+04  |    1.351e+05   
 83.4% | 000213504 |    0.0636895  |          | 2.268e+04|          |               |            |            |  6.058e-02 | 1.739e-03 |   3.643e-04  |  2.939e+04  |    1.350e+05   
 83.6% | 000214016 |    0.0673315  |          | 2.305e+04|          |               |            |            |  6.455e-02 | 1.303e-03 |   4.633e-04  |  2.713e+04  |    1.349e+05   
 83.8% | 000214528 |    0.0634585  |          | 2.299e+04|          |               |            |            |  6.001e-02 | 2.057e-03 |   3.562e-04  |  2.810e+04  |    1.349e+05   
 84.0% | 000215040 |    0.0589806  | 2.084e+04| 2.294e+04|          |   6.809e-03   |  4.546e-02 |  1.352e-02 |  2.493e-03 | 1.702e-03 |   1.152e-03  |  2.949e+04  |    1.348e+05   
 84.2% | 000215552 |    0.0623272  |          | 2.251e+04|          |               |            |            |  5.929e-02 | 1.690e-03 |   3.426e-04  |  2.722e+04  |    1.347e+05   
 84.4% | 000216064 |    0.0645439  |          | 2.284e+04|          |               |            |            |  6.190e-02 | 1.169e-03 |   4.580e-04  |  2.563e+04  |    1.346e+05   
 84.6% | 000216576 |    0.0623348  |          | 2.290e+04|          |               |            |            |  5.912e-02 | 1.874e-03 |   3.211e-04  |  2.587e+04  |    1.345e+05   
 84.8% | 000217088 |    0.0579481  | 2.059e+04| 2.279e+04|          |   6.485e-03   |  4.508e-02 |  1.280e-02 |  2.371e-03 | 1.545e-03 |   1.119e-03  |  2.711e+04  |    1.345e+05   
 85.0% | 000217600 |    0.0615786  |          | 2.240e+04|          |               |            |            |  5.859e-02 | 1.673e-03 |   3.140e-04  |  2.485e+04  |    1.344e+05   
 85.2% | 000218112 |    0.0598442  |          | 2.281e+04|          |               |            |            |  5.729e-02 | 1.133e-03 |   4.194e-04  |  2.490e+04  |    1.343e+05   
 85.4% | 000218624 |    0.0602780  |          | 2.278e+04|          |               |            |            |  5.716e-02 | 1.860e-03 |   2.439e-04  |  2.406e+04  |    1.342e+05   
 85.6% | 000219136 |    0.0566239  | 2.030e+04| 2.263e+04|          |   6.144e-03   |  4.436e-02 |  1.295e-02 |  2.247e-03 | 1.550e-03 |   9.973e-04  |  2.492e+04  |    1.341e+05   
 85.8% | 000219648 |    0.0598238  |          | 2.236e+04|          |               |            |            |  5.699e-02 | 1.556e-03 |   2.716e-04  |  2.294e+04  |    1.341e+05   
 86.0% | 000220160 |    0.0587598  |          | 2.271e+04|          |               |            |            |  5.633e-02 | 1.081e-03 |   3.416e-04  |  2.271e+04  |    1.340e+05   
 86.2% | 000220672 |    0.0594461  |          | 2.262e+04|          |               |            |            |  5.638e-02 | 1.813e-03 |   2.310e-04  |  2.181e+04  |    1.339e+05   
 86.4% | 000221184 |    0.0554140  | 2.060e+04| 2.253e+04|          |   5.838e-03   |  4.370e-02 |  1.287e-02 |  2.146e-03 | 1.467e-03 |   9.192e-04  |  2.273e+04  |    1.338e+05   
 86.6% | 000221696 |    0.0580581  |          | 2.229e+04|          |               |            |            |  5.534e-02 | 1.494e-03 |   2.275e-04  |  2.107e+04  |    1.337e+05   
 86.8% | 000222208 |    0.0549413  |          | 2.262e+04|          |               |            |            |  5.265e-02 | 9.943e-04 |   2.918e-04  |  2.161e+04  |    1.337e+05   
 87.0% | 000222720 |    0.0545541  |          | 2.270e+04|          |               |            |            |  5.162e-02 | 1.707e-03 |   2.065e-04  |  2.111e+04  |    1.336e+05   
 87.2% | 000223232 |    0.0513127  | 2.008e+04| 2.249e+04|          |   5.505e-03   |  4.007e-02 |  1.240e-02 |  2.017e-03 | 1.512e-03 |   8.677e-04  |  2.176e+04  |    1.335e+05   
 87.4% | 000223744 |    0.0547652  |          | 2.227e+04|          |               |            |            |  5.207e-02 | 1.455e-03 |   2.388e-04  |  1.976e+04  |    1.335e+05   
 87.6% | 000224256 |    0.0533758  |          | 2.262e+04|          |               |            |            |  5.115e-02 | 9.217e-04 |   2.866e-04  |  1.965e+04  |    1.334e+05   
 87.8% | 000224768 |    0.0533126  |          | 2.255e+04|          |               |            |            |  5.047e-02 | 1.628e-03 |   2.010e-04  |  1.904e+04  |    1.333e+05   
 88.0% | 000225280 |    0.0491666  | 1.940e+04| 2.228e+04|          |   5.168e-03   |  3.847e-02 |  1.405e-02 |  1.918e-03 | 1.427e-03 |   8.610e-04  |  1.998e+04  |    1.332e+05   
 88.2% | 000225792 |    0.0507329  |          | 2.207e+04|          |               |            |            |  4.814e-02 | 1.379e-03 |   2.160e-04  |  1.873e+04  |    1.332e+05   
 88.4% | 000226304 |    0.0489715  |          | 2.225e+04|          |               |            |            |  4.680e-02 | 8.837e-04 |   2.640e-04  |  1.876e+04  |    1.331e+05   
 88.6% | 000226816 |    0.0494562  |          | 2.225e+04|          |               |            |            |  4.676e-02 | 1.519e-03 |   1.757e-04  |  1.795e+04  |    1.330e+05   
 88.8% | 000227328 |    0.0457234  | 1.863e+04| 2.231e+04|          |   4.821e-03   |  3.562e-02 |  1.231e-02 |  1.801e-03 | 1.320e-03 |   8.383e-04  |  1.874e+04  |    1.330e+05   
 89.0% | 000227840 |    0.0490402  |          | 2.196e+04|          |               |            |            |  4.654e-02 | 1.308e-03 |   1.977e-04  |  1.686e+04  |    1.329e+05   
 89.2% | 000228352 |    0.0479729  |          | 2.216e+04|          |               |            |            |  4.589e-02 | 8.220e-04 |   2.354e-04  |  1.662e+04  |    1.328e+05   
 89.4% | 000228864 |    0.0482889  |          | 2.229e+04|          |               |            |            |  4.563e-02 | 1.493e-03 |   1.581e-04  |  1.591e+04  |    1.328e+05   
 89.6% | 000229376 |    0.0450589  | 2.006e+04| 2.214e+04|          |   4.490e-03   |  3.556e-02 |  1.189e-02 |  1.696e-03 | 1.241e-03 |   7.534e-04  |  1.642e+04  |    1.327e+05   
 89.8% | 000229888 |    0.0478691  |          | 2.206e+04|          |               |            |            |  4.556e-02 | 1.155e-03 |   1.770e-04  |  1.487e+04  |    1.327e+05   
 90.0% | 000230400 |    0.0462875  |          | 2.233e+04|          |               |            |            |  4.430e-02 | 7.605e-04 |   2.273e-04  |  1.479e+04  |    1.326e+05   
 90.2% | 000230912 |    0.0471297  |          | 2.244e+04|          |               |            |            |  4.444e-02 | 1.566e-03 |   1.393e-04  |  1.396e+04  |    1.325e+05   
 90.4% | 000231424 |    0.0433808  | 1.911e+04| 2.201e+04|          |   4.147e-03   |  3.440e-02 |  1.164e-02 |  1.570e-03 | 1.205e-03 |   7.353e-04  |  1.456e+04  |    1.325e+05   
 90.6% | 000231936 |    0.0463203  |          | 2.195e+04|          |               |            |            |  4.406e-02 | 1.140e-03 |   1.484e-04  |  1.308e+04  |    1.324e+05   
 90.8% | 000232448 |    0.0454069  |          | 2.222e+04|          |               |            |            |  4.352e-02 | 6.906e-04 |   2.027e-04  |  1.278e+04  |    1.323e+05   
 91.0% | 000232960 |    0.0456081  |          | 2.203e+04|          |               |            |            |  4.309e-02 | 1.400e-03 |   1.273e-04  |  1.219e+04  |    1.323e+05   
 91.2% | 000233472 |    0.0421844  | 1.867e+04| 2.207e+04|          |   3.812e-03   |  3.377e-02 |  1.185e-02 |  1.459e-03 | 1.129e-03 |   7.030e-04  |  1.260e+04  |    1.322e+05   
 91.4% | 000233984 |    0.0450654  |          | 2.179e+04|          |               |            |            |  4.281e-02 | 1.149e-03 |   1.419e-04  |  1.127e+04  |    1.321e+05   
 91.6% | 000234496 |    0.0438614  |          | 2.194e+04|          |               |            |            |  4.203e-02 | 6.359e-04 |   1.897e-04  |  1.105e+04  |    1.321e+05   
 91.8% | 000235008 |    0.0439635  |          | 2.211e+04|          |               |            |            |  4.148e-02 | 1.375e-03 |   1.178e-04  |  1.052e+04  |    1.320e+05   
 92.0% | 000235520 |    0.0410241  | 1.988e+04| 2.188e+04|          |   3.477e-03   |  3.317e-02 |  1.178e-02 |  1.340e-03 | 1.105e-03 |   6.231e-04  |  1.073e+04  |    1.320e+05   
 92.2% | 000236032 |    0.0438795  |          | 2.172e+04|          |               |            |            |  4.174e-02 | 1.055e-03 |   1.185e-04  |  9.545e+03  |    1.319e+05   
 92.4% | 000236544 |    0.0427128  |          | 2.178e+04|          |               |            |            |  4.098e-02 | 5.725e-04 |   1.721e-04  |  9.316e+03  |    1.318e+05   
 92.6% | 000237056 |    0.0432442  |          | 2.166e+04|          |               |            |            |  4.083e-02 | 1.314e-03 |   1.082e-04  |  8.729e+03  |    1.318e+05   
 92.8% | 000237568 |    0.0391271  | 1.792e+04| 2.160e+04|          |   3.141e-03   |  3.180e-02 |  1.140e-02 |  1.237e-03 | 1.046e-03 |   6.010e-04  |  9.140e+03  |    1.317e+05   
 93.0% | 000238080 |    0.0420497  |          | 2.153e+04|          |               |            |            |  3.998e-02 | 9.763e-04 |   1.137e-04  |  8.045e+03  |    1.316e+05   
 93.2% | 000238592 |    0.0413909  |          | 2.159e+04|          |               |            |            |  3.974e-02 | 5.144e-04 |   1.463e-04  |  7.720e+03  |    1.316e+05   
 93.4% | 000239104 |    0.0409189  |          | 2.146e+04|          |               |            |            |  3.861e-02 | 1.206e-03 |   9.823e-05  |  7.362e+03  |    1.315e+05   
 93.6% | 000239616 |    0.0376390  | 1.844e+04| 2.142e+04|          |   2.804e-03   |  3.094e-02 |  1.160e-02 |  1.118e-03 | 9.510e-04 |   5.602e-04  |  7.533e+03  |    1.315e+05   
 93.8% | 000240128 |    0.0405216  |          | 2.138e+04|          |               |            |            |  3.856e-02 | 9.137e-04 |   9.267e-05  |  6.574e+03  |    1.314e+05   
 94.0% | 000240640 |    0.0399581  |          | 2.132e+04|          |               |            |            |  3.840e-02 | 4.585e-04 |   1.346e-04  |  6.250e+03  |    1.314e+05   
 94.2% | 000241152 |    0.0387242  |          | 2.135e+04|          |               |            |            |  3.649e-02 | 1.183e-03 |   6.803e-05  |  6.033e+03  |    1.313e+05   
 94.4% | 000241664 |    0.0350679  | 1.726e+04| 2.106e+04|          |   2.463e-03   |  2.886e-02 |  1.232e-02 |  9.986e-04 | 9.493e-04 |   5.036e-04  |  6.218e+03  |    1.312e+05   
 94.6% | 000242176 |    0.0375313  |          | 2.103e+04|          |               |            |            |  3.568e-02 | 8.183e-04 |   7.900e-05  |  5.409e+03  |    1.312e+05   
 94.8% | 000242688 |    0.0384837  |          | 2.110e+04|          |               |            |            |  3.700e-02 | 4.055e-04 |   1.096e-04  |  4.899e+03  |    1.311e+05   
 95.0% | 000243200 |    0.0364318  |          | 2.097e+04|          |               |            |            |  3.428e-02 | 1.095e-03 |   6.024e-05  |  4.792e+03  |    1.311e+05   
 95.2% | 000243712 |    0.0339361  | 1.764e+04| 2.082e+04|          |   2.127e-03   |  2.835e-02 |  1.193e-02 |  8.937e-04 | 8.353e-04 |   4.416e-04  |  4.748e+03  |    1.310e+05   
 95.4% | 000244224 |    0.0364775  |          | 2.080e+04|          |               |            |            |  3.468e-02 | 7.841e-04 |   6.348e-05  |  4.064e+03  |    1.310e+05   
 95.6% | 000244736 |    0.0364895  |          | 2.083e+04|          |               |            |            |  3.510e-02 | 3.416e-04 |   9.192e-05  |  3.725e+03  |    1.309e+05   
 95.8% | 000245248 |    0.0351059  |          | 2.053e+04|          |               |            |            |  3.307e-02 | 9.963e-04 |   4.932e-05  |  3.535e+03  |    1.309e+05   
 96.0% | 000245760 |    0.0325956  | 1.762e+04| 2.001e+04|          |   1.792e-03   |  2.755e-02 |  1.200e-02 |  7.752e-04 | 7.980e-04 |   4.047e-04  |  3.461e+03  |    1.308e+05   
 96.2% | 000246272 |    0.0351475  |          | 1.951e+04|          |               |            |            |  3.341e-02 | 7.280e-04 |   5.414e-05  |  2.905e+03  |    1.308e+05   
 96.4% | 000246784 |    0.0352322  |          | 1.975e+04|          |               |            |            |  3.391e-02 | 2.905e-04 |   6.742e-05  |  2.608e+03  |    1.307e+05   
 96.6% | 000247296 |    0.0342467  |          | 1.956e+04|          |               |            |            |  3.232e-02 | 9.097e-04 |   4.060e-05  |  2.401e+03  |    1.307e+05   
 96.8% | 000247808 |    0.0313595  | 1.600e+04| 1.831e+04|          |   1.449e-03   |  2.677e-02 |  1.160e-02 |  6.642e-04 | 8.207e-04 |   3.664e-04  |  2.331e+03  |    1.306e+05   
 97.0% | 000248320 |    0.0334764  |          | 1.790e+04|          |               |            |            |  3.188e-02 | 5.996e-04 |   4.491e-05  |  1.927e+03  |    1.306e+05   
 97.2% | 000248832 |    0.0324645  |          | 1.806e+04|          |               |            |            |  3.123e-02 | 2.227e-04 |   5.134e-05  |  1.739e+03  |    1.305e+05   
 97.4% | 000249344 |    0.0326445  |          | 1.845e+04|          |               |            |            |  3.076e-02 | 8.683e-04 |   2.976e-05  |  1.499e+03  |    1.305e+05   
 97.6% | 000249856 |    0.0303207  | 1.563e+04| 1.702e+04|          |   1.111e-03   |  2.618e-02 |  1.156e-02 |  5.527e-04 | 8.896e-04 |   3.132e-04  |  1.384e+03  |    1.304e+05   
 97.8% | 000250368 |    0.0323108  |          | 1.729e+04|          |               |            |            |  3.075e-02 | 5.778e-04 |   3.526e-05  |  1.099e+03  |    1.304e+05   
 98.0% | 000250880 |    0.0307340  |          | 1.722e+04|          |               |            |            |  2.958e-02 | 1.642e-04 |   4.195e-05  |  9.636e+02  |    1.303e+05   
GPU  Binding: Process 4 [(p,q)=(0,2)] GPU: 2, pciBusID c9 
GPU  Binding: Process 6 [(p,q)=(0,3)] GPU: 3, pciBusID ce 
GPU  Binding: Process 3 [(p,q)=(1,1)] GPU: 5, pciBusID d6 
GPU  Binding: Process 7 [(p,q)=(1,3)] GPU: 7, pciBusID de 
GPU  Binding: Process 1 [(p,q)=(1,0)] GPU: 4, pciBusID d1 
GPU  Binding: Process 5 [(p,q)=(1,2)] GPU: 6, pciBusID d9 
GPU  Binding: Process 2 [(p,q)=(0,1)] GPU: 1, pciBusID c6 
 98.2% | 000251392 |    0.0307319  |          | 1.564e+04|          |               |            |            |  2.899e-02 | 7.507e-04 |   2.179e-05  |  7.890e+02  |    1.303e+05   
 98.4% | 000251904 |    0.0263631  | 1.283e+04| 1.259e+04|          |   7.762e-04   |  2.274e-02 |  1.132e-02 |  4.418e-04 | 8.594e-04 |   2.784e-04  |  7.364e+02  |    1.302e+05   
 98.6% | 000252416 |    0.0275017  |          | 1.176e+04|          |               |            |            |  2.607e-02 | 4.735e-04 |   2.440e-05  |  5.498e+02  |    1.302e+05   
 98.8% | 000252928 |    0.0258554  |          | 1.296e+04|          |               |            |            |  2.468e-02 | 1.867e-04 |   2.822e-05  |  4.394e+02  |    1.302e+05   
 99.0% | 000253440 |    0.0260449  |          | 9.947e+03|          |               |            |            |  2.439e-02 | 7.052e-04 |   1.361e-05  |  3.126e+02  |    1.301e+05   
 99.2% | 000253952 |    0.0240659  | 9.754e+03| 2.765e+01|          |   4.435e-04   |  2.102e-02 |  1.054e-02 |  3.324e-04 | 7.710e-04 |   2.484e-04  |  2.268e+02  |    1.301e+05   
 99.4% | 000254464 |    0.0255605  |          | 1.400e+01|          |               |            |            |  2.426e-02 | 4.103e-04 |   1.579e-05  |  1.295e+02  |    1.300e+05   
 99.6% | 000254976 |    0.0240850  |          | 1.394e+01|          |               |            |            |  2.257e-02 | 6.090e-04 |   1.470e-05  |  7.056e+01  |    1.300e+05   
 99.8% | 000255488 |    0.0212204  |          | 0.000e+00|          |               |            |            |  2.019e-02 | 3.378e-04 |   1.266e-05  |  2.950e+01  |    1.300e+05   
Final Score:    1.2867e+05 GFLOPS 
Residual Check: PASSED
